 1.737731  0.038277
 1.784631  0.014785
 1.969043  0.000292
 1.984697  0.000625
 2.051076  0.110734
 2.145106  0.021539
 2.433072  0.039547
 2.439193  0.019026
 2.524896  0.044414
 2.530165  0.086846
 2.639176  0.044213
 2.663065  0.003686
 2.670082  0.021489
 2.678335  0.013939
 2.735067  0.016480
 2.884913  0.009501
 2.951461  0.000869
 2.975076  0.007118
 2.988339  0.026665
 3.024071  0.000421
 3.046137  0.031952
 3.055325  0.006463
 3.085887  0.018364
 3.101905  0.051791
 3.106820  0.002125
 3.138191  0.000950
 3.162463  0.094897
 3.361038  0.017568
 3.404580  0.005430
 3.510631  0.000353
 3.546360  0.001838
 3.645326  0.000948
 3.656963  0.107643
 3.673162  0.002000
 3.700738  0.000101
 3.730698  0.000770
 3.743167  0.015867
 3.809050  0.028352
 3.898162  0.027235
 3.956608  0.014714
 3.980309  0.054865
 4.055233  0.037500
 4.085620  0.158916
 4.098414  0.007233
 4.124812  0.026942
 4.133833  0.002850
 4.141616  0.000380
 4.170815  0.001957
 4.191692  0.059865
 4.205984  0.443189
