1.8207 680.96 0.0282 
2.0007 619.71 0.0008 
2.1610 573.74 0.2116 
2.2420 553.02 0.0417 
2.4054 515.44 0.2227 
2.4665 502.67 0.0624 
2.5511 486.01 0.0074 
2.6158 473.97 0.1044 
2.7351 453.31 0.0024 
2.7480 451.18 0.0280 
2.7794 446.08 0.7099 
2.8093 441.33 0.0301 
2.8394 436.66 0.0582 
2.9154 425.28 0.0870 
3.0272 409.57 0.0018 
3.0378 408.13 0.0061 
3.0670 404.25 0.0038 
3.1070 399.05 0.0009 
3.1386 395.03 0.0048 
3.1743 390.59 0.0072 
3.1960 387.93 0.0258 
3.2193 385.12 0.0179 
3.3109 374.47 0.0824 
3.3352 371.74 0.1308 
3.3657 368.37 0.0774 
3.3923 365.49 0.0125 
3.4232 362.19 0.0089 
3.4422 360.19 0.0337 
3.5283 351.40 0.0105 
3.5311 351.12 0.0125 
3.5651 347.77 0.0046 
3.6232 342.19 0.0051 
3.6405 340.57 0.0346 
3.6434 340.30 0.1119 
3.6743 337.44 0.0012 
3.7075 334.41 0.0001 
3.7152 333.72 0.0504 
3.7668 329.15 0.0004 
3.7945 326.74 0.0032 
3.8425 322.67 0.0125 
3.8584 321.34 0.0327 
3.8694 320.42 0.0105 
3.9418 314.54 0.0036 
3.9593 313.14 0.0567 
3.9660 312.62 0.0021 
3.9825 311.33 0.0238 
4.0120 309.04 0.0270 
4.0368 307.13 0.1536 
4.0446 306.54 0.0042 
4.0519 305.99 0.0126 
4.0628 305.17 0.0253 
4.0911 303.06 0.0075 
4.1064 301.93 0.0291 
4.1436 299.22 0.0556 
4.1916 295.79 0.1152 
4.1993 295.25 0.0080 
4.2106 294.46 0.1178 
4.2290 293.17 0.0335 
4.2436 292.17 0.0585 
4.2456 292.03 0.0071 
4.2819 289.56 0.0220 
4.2862 289.26 0.0334 
4.2930 288.80 0.0008 
4.3121 287.53 0.0297 
4.3186 287.09 0.0156 
4.3306 286.30 0.0004 
4.3401 285.67 0.0028 
4.3406 285.64 0.0478 
4.3620 284.24 0.0032 
4.3821 282.93 0.0038 
4.3983 281.89 0.0004 
4.4032 281.57 0.0000 
4.4273 280.05 0.0007 
4.4400 279.24 0.0253 
4.4507 278.57 0.0084 
4.4647 277.70 0.0488 
4.5150 274.60 0.0083 
4.5353 273.37 0.0277 
4.5491 272.55 0.0019 
4.5582 272.00 0.0024 
