  4.99999988824129105E-003   247967.99870657918       4.18755424426345746E-017
  9.99999977648258209E-003   123983.99935328959       5.36777445282490162E-017
  1.49999996647238731E-002   82655.999568859726       6.87591841990543678E-017
  1.99999995529651642E-002   61991.999676644795       8.80176592371489365E-017
  2.49999994412064552E-002   49593.599741315833       1.12593043077394133E-016
  2.99999993294477463E-002   41327.999784429863       1.43931530196041623E-016
  3.49999992176890373E-002   35423.999815225594       1.83866653303685331E-016
  3.99999991059303284E-002   30995.999838322397       2.34721376293391239E-016
  4.49999989941716194E-002   27551.999856286577       2.99436651763369725E-016
  4.99999988824129105E-002   24796.799870657916       3.81733185179990755E-016
  5.49999987706542015E-002   22542.545336961743       4.86314834469730584E-016
  5.99999986588954926E-002   20663.999892214932       6.19124174593568437E-016
  6.49999985471367836E-002   19074.461438967628       7.87663371091377179E-016
  6.99999984353780746E-002   17711.999907612797       1.00139675778828612E-015
  7.49999983236193657E-002   16531.199913771947       1.27225555381312968E-015
  7.99999982118606567E-002   15497.999919161199       1.61527017128303048E-015
  8.49999981001019478E-002   14586.352865092893       2.04936178857011142E-015
  8.99999979883432388E-002   13775.999928143288       2.59833257963575264E-015
  9.49999978765845299E-002   13050.947300346272       3.29210354780427957E-015
  9.99999977648258209E-002   12398.399935328958       4.16826074331785694E-015
  0.10499999765306711        11807.999938408533       5.27398527734384104E-015
  0.10999999754130840        11271.272668480871       6.66846063058119266E-015
  0.11499999742954969        10781.217335068661       8.42587308932997786E-015
  0.11999999731779099        10331.999946107466       1.06391487028478411E-014
  0.12499999720603228        9918.7199482631677       1.34246041395723101E-014
  0.12999999709427357        9537.2307194838140       1.69277306905734420E-014
  0.13499999698251486        9183.9999520955243       2.13303822167829082E-014
  0.13999999687075615        8855.9999538063985       2.68597012494595644E-014
  0.14499999675899744        8550.6206450544541       3.37991954011559572E-014
  0.14999999664723873        8265.5999568859734       4.25024719840268716E-014
  0.15499999653548002        7998.9677002122316       5.34102562329874440E-014
  0.15999999642372131        7748.9999595805994       6.70714626265520801E-014
  0.16499999631196260        7514.1817789872475       8.41692653694128800E-014
  0.16999999620020390        7293.1764325464464       1.05553330298025613E-013
  0.17499999608844519        7084.7999630451195       1.32279634979188349E-013
  0.17999999597668648        6887.9999640716442       1.65659627133827181E-013
  0.18499999586492777        6701.8378028805182       2.07320866518636743E-013
  0.18999999575316906        6525.4736501731359       2.59281777528762518E-013
  0.19499999564141035        6358.1538129892097       3.24043727801612449E-013
  0.19999999552965164        6199.1999676644791       4.04704364695740865E-013
  0.20499999541789293        6047.9999684531504       5.05097014115782651E-013
  0.20999999530613422        5903.9999692042666       6.29962007878286477E-013
  0.21499999519437551        5766.6976443390504       7.85157096634686865E-013
  0.21999999508261681        5635.6363342404356       9.77915673479677642E-013
  0.22499999497085810        5510.3999712573150       1.21716343683381426E-012
  0.22999999485909939        5390.6086675343304       1.51390642988274549E-012
  0.23499999474734068        5275.9148660974297       1.88170619182965466E-012
  0.23999999463558197        5165.9999730537329       2.33726114447066791E-012
  0.24499999452382326        5060.5714021750855       2.90111743739875176E-012
  0.24999999441206455        4959.3599741315838       3.59853743195315528E-012
  0.25499999430030584        4862.1176216976310       4.46055999222564540E-012
  0.25999999418854713        4768.6153597419070       5.52529397983921343E-012
  0.26499999407678843        4678.6414850297961       6.83949506770296491E-012
  0.26999999396502972        4591.9999760477622       8.46048649527242897E-012
  0.27499999385327101        4508.5090673923487       1.04584970408736164E-011
  0.27999999374151230        4427.9999769031992       1.29195047113210579E-011
  0.28499999362975359        4350.3157667820906       1.59486929533091591E-011
  0.28999999351799488        4275.3103225272271       1.96746481800807216E-011
  0.29499999340623617        4202.8474357047317       2.42544538011363128E-011
  0.29999999329447746        4132.7999784429867       2.98798675991950683E-011
  0.30499999318271875        4065.0491591242489       3.67848072356403149E-011
  0.30999999307096004        3999.4838501061158       4.52544140925128692E-011
  0.31499999295920134        3935.9999794695109       5.56360200102966387E-011
  0.31999999284744263        3874.4999797902997       6.83524064566740679E-011
  0.32499999273568392        3814.8922877935256       8.39178232758393337E-011
  0.32999999262392521        3757.0908894936238       1.02957326803596123E-010
  0.33499999251216650        3701.0149060683461       1.26230107607170529E-010
  0.33999999240040779        3646.5882162732232       1.54657609747669319E-010
  0.34499999228864908        3593.7391116895533       1.89357400193817159E-010
  0.34999999217689037        3542.3999815225598       2.31683933467682293E-010
  0.35499999206513166        3492.5070240363266       2.83277578230325715E-010
  0.35999999195337296        3443.9999820358221       3.46123535736720937E-010
  0.36499999184161425        3396.8219000901258       4.22622592453321375E-010
  0.36999999172985554        3350.9189014402591       5.15676019506580431E-010
  0.37499999161809683        3306.2399827543891       6.28787370426732786E-010
  0.37999999150633812        3262.7368250865679       7.66184448076486619E-010
  0.38499999139457941        3220.3636195659633       9.32965326014018269E-010
  0.38999999128282070        3179.0769064946048       1.13527303557957787E-009
  0.39499999117106199        3138.8354266655592       1.38050438730088862E-009
  0.39999999105930328        3099.5999838322396       1.67755940667098991E-009
  0.40499999094754457        3061.3333173651749       2.03713905668138717E-009
  0.40999999083578587        3023.9999842265752       2.47210032385825529E-009
  0.41499999072402716        2987.5662494768576       2.99787939726467771E-009
  0.41999999061226845        2951.9999846021333       3.63299561327821588E-009
  0.42499999050050974        2917.2705730185785       4.39965112210711670E-009
  0.42999999038875103        2883.3488221695252       5.32444391211822603E-009
  0.43499999027699232        2850.2068816848182       6.43921497146131562E-009
  0.43999999016523361        2817.8181671202178       7.78205405014430297E-009
  0.44499999005347490        2786.1572888379683       9.39849279881442099E-009
  0.44999998994171619        2755.1999856286575       1.13429191062732270E-008
  0.45499998982995749        2724.9230627096613       1.36802523555989185E-008
  0.45999998971819878        2695.3043337671652       1.64879262066448426E-008
  0.46499998960644007        2666.3225667374104       1.98582335498966147E-008
  0.46999998949468136        2637.9574330487148       2.39010976468945247E-008
  0.47499998938292265        2610.1894600692544       2.87473443872953957E-008
  0.47999998927116394        2582.9999865268665       3.45525632957657748E-008
  0.48499998915940523        2556.3711206863832       4.15016596933942968E-008
  0.48999998904764652        2530.2857010875427       4.98142175799920049E-008
  0.49499998893588781        2504.7272596624161       5.97508127248408972E-008
  0.49999998882412910        2479.6799870657919       7.16204385576010905E-008
  0.50499998871237040        2455.1287000651405       8.57892342232082461E-008
  0.50999998860061169        2431.0588108488155       1.02690735159636310E-007
  0.51499998848885298        2407.4562981221279       1.22837902409754220E-007
  0.51999998837709427        2384.3076798709535       1.46837228312590137E-007
  0.52499998826533556        2361.5999876817064       1.75405264061492057E-007
  0.52999998815357685        2339.3207425148980       2.09387969808740509E-007
  0.53499998804181814        2317.4579318371884       2.49783351610220306E-007
  0.53999998793005943        2295.9999880238811       2.97767922759065642E-007
  0.54499998781830072        2274.9357679502677       3.54727611338978791E-007
  0.54999998770654202        2254.2545336961743       4.22293832708104438E-007
  0.55499998759478331        2233.9459342935061       5.02385556885113497E-007
  0.55999998748302460        2213.9999884515996       5.97258328468694470E-007
  0.56499998737126589        2194.4070681998160       7.09561343063042978E-007
  0.56999998725950718        2175.1578833910453       8.42403851785177591E-007
  0.57499998714774847        2156.2434670137318       9.99432357207271156E-007
  0.57999998703598976        2137.6551612636135       1.18492028332245789E-006
  0.58499998692423105        2119.3846043297367       1.40387205251430365E-006
  0.58999998681247234        2101.4237178523658       1.66214378821968769E-006
  0.59499998670071363        2083.7646950132703       1.96658318767817147E-006
  0.59999998658895493        2066.3999892214933       2.32519148010785419E-006
  0.60499998647719622        2049.3223033601585       2.74731080772357437E-006
  0.60999998636543751        2032.5245795621245       3.24384084681014161E-006
  0.61499998625367880        2015.9999894843836       3.82748903095501144E-006
  0.61999998614192009        1999.7419250530579       4.51305935677006856E-006
  0.62499998603016138        1983.7439896526334       5.31778545318693318E-006
  0.62999998591840267        1967.9999897347554       6.26171438894174966E-006
  0.63499998580664396        1952.5039268234582       7.36814859058645861E-006
  0.63999998569488525        1937.2499898951498       8.66415425796004363E-006
  0.64499998558312654        1922.2325481130169       1.01811458096167910E-005
  0.64999998547136784        1907.4461438967628       1.19555571828679693E-005
  0.65499998535960913        1892.8854863097647       1.40296122691600636E-005
  0.65999998524785042        1878.5454447468119       1.64522084046437393E-005
  0.66499998513609171        1864.4210429066104       1.92799286791396175E-005
  0.66999998502433300        1850.5074530341731       2.25782008976378466E-005
  0.67499998491257429        1836.7999904191051       2.64226233527023437E-005
  0.67999998480081558        1823.2941081366116       3.09004801720075416E-005
  0.68499998468905687        1809.9853920188261       3.61124719238271812E-005
  0.68999998457729816        1796.8695558447766       4.21746904287685325E-005
  0.69499998446553946        1783.9424367379797       4.92208703758095244E-005
  0.69999998435378075        1771.1999907612799       5.74049544157010202E-005
  0.70499998424202204        1758.6382886991430       6.69040129497477687E-005
  0.70999998413026333        1746.2535120181633       7.79215648956943236E-005
  0.71499998401850462        1734.0419489970573       9.06913513480421616E-005
  0.71999998390674591        1721.9999910179110       1.05481620315411615E-004
  0.72499998379498720        1710.1241290108908       1.22599987675289058E-004
  0.72999998368322849        1698.4109500450629       1.42398947204661752E-004
  0.73499998357146978        1686.8571340583617       1.65282111097273573E-004
  0.73999998345971107        1675.4594507201296       1.91711271843981443E-004
  0.74499998334795237        1664.2147564199945       2.22214386817741558E-004
  0.74999998323619366        1653.1199913771945       2.57394598461321606E-004
  0.75499998312443495        1642.1721768647628       2.97940415723079073E-004
  0.75999998301267624        1631.3684125432840       3.44637196430310128E-004
  0.76499998290091753        1620.7058738992102       3.98380085744513422E-004
  0.76999998278915882        1610.1818097829816       4.60188582829819664E-004
  0.77499998267740011        1599.7935400424462       5.31222926514223338E-004
  0.77999998256564140        1589.5384532473024       6.12802511170629986E-004
  0.78499998245388269        1579.4140045005042       7.06426566437016231E-004
  0.78999998234212399        1569.4177133327796       8.13797358886504175E-004
  0.79499998223036528        1559.5471616765985       9.36846200511765471E-004
  0.79999998211860657        1549.7999919161198       1.07776257807530845E-003
  0.80499998200684786        1540.1739050098085       1.23902674917779300E-003
  0.80999998189508915        1530.6666586825875       1.42344618549879350E-003
  0.81499998178333044        1521.2760656845348       1.63419628126462604E-003
  0.81999998167157173        1511.9999921132876       1.87486578580036822E-003
  0.82499998155981302        1502.8363557974496       2.14950746323878429E-003
  0.82999998144805431        1493.7831247384288       2.46269453030644901E-003
  0.83499998133629560        1484.8383156082587       2.81958347480985687E-003
  0.83999998122453690        1475.9999923010666       3.22598391323185209E-003
  0.84499998111277819        1467.2662645359715       3.68843620595308685E-003
  0.84999998100101948        1458.6352865092892       4.21429761327132835E-003
  0.85499998088926077        1450.1052555940303       4.81183784483877296E-003
  0.85999998077750206        1441.6744110847626       5.49034492961170996E-003
  0.86499998066574335        1433.3410329860069       6.26024241314082110E-003
  0.86999998055398464        1425.1034408424091       7.13321897425378462E-003
  0.87499998044222593        1416.9599926090239       8.12237164411718816E-003
  0.87999998033046722        1408.9090835601089       9.24236390752356148E-003
  0.88499998021870852        1400.9491452349107       1.05096000692321747E-002
  0.88999998010694981        1393.0786444189841       1.19424173774813121E-002
  0.89499997999519110        1385.2960821596603       1.35612975125498463E-002
  0.89999997988343239        1377.5999928143287       1.53890991706152440E-002
  0.90499997977167368        1369.9889431302718       1.74513136022466583E-002
  0.90999997965991497        1362.4615313548306       1.97763451007624547E-002
  0.91499997954815626        1355.0163863747496       2.23958185784144809E-002
  0.91999997943639755        1347.6521668835826       2.53449165179324663E-002
  0.92499997932463884        1340.3675605761036       2.86627477433205533E-002
  0.92999997921288013        1333.1612833687052       3.23927506168404031E-002
  0.93499997910112143        1326.0320786448085       3.65831334386711240E-002
  0.93999997898936272        1318.9787165243574       4.12873550015762300E-002
  0.94499997887760401        1311.9999931565037       4.65646484347169848E-002
  0.94999997876584530        1305.0947300346272       5.24805916581477794E-002
  0.95499997865408659        1298.2617733328752       5.91077279620272136E-002
  0.95999997854232788        1291.4999932634332       6.65262404216056258E-002
  0.96499997843056917        1284.8082834537781       7.48246840599356144E-002
  0.96999997831881046        1278.1855603431916       8.41007798741927742E-002
  0.97499997820705175        1271.6307625978420       9.44622750476001305E-002
  0.97999997809529305        1265.1428505437714       0.10602787387618064     
  0.98499997798353434        1258.7208056171532       0.11892824414674941     
  0.98999997787177563        1252.3636298312081       0.13330710390841388     
  0.99499997776001692        1246.0703452591918       0.14932239378290610     
  0.99999997764825821        1239.8399935328960       0.16714754015774896     
   1.0049999775364995        1233.6716353561153       0.18697281479879063     
   1.0099999774247408        1227.5643500325702       0.20900679660310256     
   1.0149999773129821        1221.5172350077792       0.23347794138759004     
   1.0199999772012234        1215.5294054244077       0.26063626577060045     
   1.0249999770894647        1209.5999936906301       0.29075515135099028     
   1.0299999769777060        1203.7281490610640       0.32413327551890503     
   1.0349999768659472        1197.9130372298512       0.36109667534221124     
   1.0399999767541885        1192.1538399354768       0.40200095105920730     
   1.0449999766424298        1186.4497545769339       0.44723361576885812     
   1.0499999765306711        1180.7999938408532       0.49721659794116274     
   1.0549999764189124        1175.2037853392378       0.55240890336902393     
   1.0599999763071537        1169.6603712574490       0.61330944314570834     
   1.0649999761953950        1164.1690080121089       0.68046003417508027     
   1.0699999760836363        1158.7289659185942       0.75444857860159620     
   1.0749999759718776        1153.3395288678100       0.83591242837989732     
   1.0799999758601189        1147.9999940119405       0.92554194098586473     
   1.0849999757483602        1142.7096714588902        1.0240842319985461     
   1.0899999756366014        1137.4678839751339        1.1323471299515124     
   1.0949999755248427        1132.2739666967086        1.2512033384594254     
   1.0999999754130840        1127.1272668480872        1.3815948101669908     
   1.1049999753013253        1122.0271434686840        1.5245373365398636     
   1.1099999751895666        1116.9729671467530        1.6811253569167837     
   1.1149999750778079        1111.9641197604446        1.8525369895663928     
   1.1199999749660492        1106.9999942257998        2.0400392867378221     
   1.1249999748542905        1102.0799942514629        2.2449937148587842     
   1.1299999747425318        1097.2035340999080        2.4688618601163856     
   1.1349999746307731        1092.3700383549744        2.7132113586524329     
   1.1399999745190144        1087.5789416955226        2.9797220495156549     
   1.1449999744072556        1082.8296886750184        3.2701923473369447     
   1.1499999742954969        1078.1217335068659        3.5865458304310107     
   1.1549999741837382        1073.4545398553212        3.9308380386787847     
   1.1599999740719795        1068.8275806318068        4.3052634741115483     
   1.1649999739602208        1064.2403377964772        4.7121627956020413     
   1.1699999738484621        1059.6923021648684        5.1540301974729061     
   1.1749999737367034        1055.1829732194858        5.6335209601631524     
   1.1799999736249447        1050.7118589261829        6.1534591593538934     
   1.1849999735131860        1046.2784755551863        6.7168455181514792     
   1.1899999734014273        1041.8823475066351        7.3268653850673697     
   1.1949999732896686        1037.5230071404987        7.9868968186273133     
   1.1999999731779099        1033.1999946107467        8.7005187574985534     
   1.2049999730661511        1028.9128577036481        9.4715192530528629     
   1.2099999729543924        1024.6611516800792        10.303903739298701     
   1.2149999728426337        1020.4444391217251        11.201903313130488     
   1.2199999727308750        1016.2622897810622        12.169982995872621     
   1.2249999726191163        1012.1142804350170        13.212849945156602     
   1.2299999725073576        1007.9999947421918        14.335461584279047     
   1.2349999723955989        1003.9190231035594        15.543033614365694     
   1.2399999722838402        999.87096252652896        16.841047872931757     
   1.2449999721720815        995.85541649228583        18.235260000804164     
   1.2499999720603228        991.87199482631672        19.731706877877482     
   1.2549999719485641        987.92031357202859        21.336713786838089     
   1.2599999718368053        983.99999486737772        23.056901262833893     
   1.2649999717250466        980.11066682442367        24.899191586113172     
   1.2699999716132879        976.25196341172909        26.870814873936251     
   1.2749999715015292        972.42352433952624        28.979314727598677     
   1.2799999713897705        968.62499494757492        31.232553390224030     
   1.2849999712780118        964.85602609563887        33.638716371115478     
   1.2899999711662531        961.11627405650847        36.206316492920877     
   1.2949999710544944        957.40540041150257        38.944197318696155     
   1.2999999709427357        953.72307194838140        41.861535917168965     
   1.3049999708309770        950.06896056160610        44.967844926133623     
   1.3099999707192183        946.44274315488235        48.272973875972639     
   1.3149999706074595        942.84410154592842        51.787109737820757     
   1.3199999704957008        939.27272237340594        55.520776663883439     
   1.3249999703839421        935.72829700595912        59.484834890909646     
   1.3299999702721834        932.21052145330520        63.690478781815031     
   1.3349999701604247        928.71909627932280        68.149233984964596     
   1.3399999700486660        925.25372651708653        72.872953695663355     
   1.3449999699369073        921.81412158579622        77.873814009975021     
   1.3499999698251486        918.39999520955257        83.164308367086036     
   1.3549999697133899        915.01106533793052        88.757241083062667     
   1.3599999696016312        911.64705406830581        94.665719985989028     
   1.3649999694898725        908.30768756988709        100.90314817012039     
   1.3699999693781137        904.99269600941307        107.48321489481606     
   1.3749999692663550        901.70181347846972        114.41988566260034     
   1.3799999691545963        898.43477792238832        121.72739151971253     
   1.3849999690428376        895.19133107068296        129.42021763190775     
   1.3899999689310789        891.97121836898987        137.51309119801397     
   1.3949999688193202        888.77418891247021        146.02096877379000     
   1.3999999687075615        885.59999538063994        154.95902308890351     
   1.4049999685958028        882.44839397359135        164.34262945029909     
   1.4099999684840441        879.31914434957150        174.18735183577499     
   1.4149999683722854        876.21200956388407        184.50892879216840     
   1.4199999682605267        873.12675600908165        195.32325926306910     
   1.4249999681487679        870.06315335641818        206.64638848135692     
   1.4299999680370092        867.02097449852863        218.49449407199467     
   1.4349999679252505        863.99999549330721        230.88387252029949     
   1.4399999678134918        860.99999550895552        243.83092617026767     
   1.4449999677017331        858.02075677017012        257.35215092631120     
   1.4499999675899744        855.06206450544539        271.46412483989405     
   1.4549999674782157        852.12370689546105        286.18349776988441     
   1.4599999673664570        849.20547502253146        301.52698231186770     
   1.4649999672546983        846.30716282108938        317.51134619706983     
   1.4699999671429396        843.42856702918084        334.15340636579339     
   1.4749999670311809        840.56948714094642        351.47002492325009     
   1.4799999669194221        837.72972536006478        369.47810718727851     
   1.4849999668076634        834.90908655413864        388.19460203752061     
   1.4899999666959047        832.10737820999725        407.63650477411318     
   1.4949999665841460        829.32441038989691        427.82086269069526     
   1.4999999664723873        826.55999568859727        448.76478356146197     
   1.5049999663606286        823.81394919129298        470.48544723499180     
   1.5099999662488699        821.08608843238142        493.00012051858596     
   1.5149999661371112        818.37623335504679        516.32617552575994     
   1.5199999660253525        815.68420627164198        540.48111164632530     
   1.5249999659135938        813.00983182484981        565.48258128307214     
   1.5299999658018351        810.35293694960512        591.34841948142639     
   1.5349999656900764        807.71335083576275        618.09667755857936     
   1.5399999655783176        805.09090489149082        645.74566081643366     
   1.5449999654665589        802.48543270737594        674.31397039835861     
   1.5499999653548002        799.89677002122312        703.82054932317362     
   1.5549999652430415        797.32475468353437        734.28473270106338     
   1.5599999651312828        794.76922662365121        765.72630210534226     
   1.5649999650195241        792.23002781654691        798.16554404124520     
   1.5699999649077654        789.70700225025212        831.62331241828815     
   1.5749999647960067        787.19999589390216        866.12109489643422     
   1.5799999646842480        784.70885666638981        901.68108293841635     
   1.5849999645724893        782.23343440561257        938.32624536133221     
   1.5899999644607306        779.77358083829927        976.08040514024003     
   1.5949999643489718        777.32914955040496        1014.9683191751532     
   1.5999999642372131        774.89999595805989        1055.0157606908635     
   1.6049999641254544        772.48597727906281        1096.2496038966342     
   1.6099999640136957        770.08695250490427        1138.6979104903039     
   1.6149999639019370        767.70278237331013        1182.3900175490935     
   1.6199999637901783        765.33332934129373        1227.3566263076475     
   1.6249999636784196        762.97845755870514        1273.6298912829807     
   1.6299999635666609        760.63803284226742        1321.2435091663945     
   1.6349999634549022        758.31192265008929        1370.2328068643999     
   1.6399999633431435        755.99999605664379        1420.6348280346438     
   1.6449999632313848        753.70212372820424        1472.4884174291799     
   1.6499999631196260        751.41817789872482        1525.8343023264827     
   1.6549999630078673        749.14803234616068        1580.7151703058209     
   1.6599999628961086        746.89156236921440        1637.1757425933240     
   1.6649999627843499        744.64864476450202        1695.2628421886975     
   1.6699999626725912        742.41915780412933        1755.0254559653808     
   1.6749999625608325        740.20298121366920        1816.5147899254280     
   1.6799999624490738        737.99999615053332        1879.7843167837957     
   1.6849999623373151        735.81008518272756        1944.8898150553566     
   1.6899999622255564        733.63313226798573        2011.8893988221575     
   1.6949999621137977        731.46902273327191        2080.8435373684306     
   1.6999999620020390        729.31764325464462        2151.8150638868588     
   1.7049999618902802        727.17888183747561        2224.8691724818441     
   1.7099999617785215        725.05262779701513        2300.0734027240833     
   1.7149999616667628        722.93877173929786        2377.4976110458751     
   1.7199999615550041        720.83720554238130        2457.2139283081733     
   1.7249999614432454        718.74782233791063        2539.2967029186111     
   1.7299999613314867        716.67051649300345        2623.8224289344153     
   1.7349999612197280        714.60518359244725        2710.8696586453843     
   1.7399999611079693        712.55172042120455        2800.5188991994978     
   1.7449999609962106        710.51002494721831        2892.8524929074924     
   1.7499999608844519        708.47999630451193        2987.9544809421432     
   1.7549999607726932        706.46153477657890        3085.9104502331415     
   1.7599999606609344        704.45454178005446        3186.8073634488142     
   1.7649999605491757        702.45891984866626        3290.7333720509741     
   1.7699999604374170        700.47457261745535        3397.7776125087930     
   1.7749999603256583        698.50140480726532        3508.0299858607568     
   1.7799999602138996        696.53932220949207        3621.5809209204263     
   1.7849999601021409        694.58823167109017        3738.5211215308373     
   1.7899999599903822        692.64804107983014        3858.9412983835514     
   1.7949999598786235        690.71865934980269        3982.9318860307817     
   1.7999999597668648        688.79999640716437        4110.5827458319000     
   1.8049999596551061        686.89196317611959        4241.9828556884131     
   1.8099999595433474        684.99447156513588        4377.2199875329525     
   1.8149999594315886        683.10743445338619        4516.3803736477503     
   1.8199999593198299        681.23076567741532        4659.5483629949276     
   1.8249999592080712        679.36438001802514        4806.8060688444830     
   1.8299999590963125        677.50819318737479        4958.2330090849418     
   1.8349999589845538        675.66212181629203        5113.9057406953207     
   1.8399999588727951        673.82608344179130        5273.8974899448931     
   1.8449999587610364        671.99999649479457        5438.2777799680325     
   1.8499999586492777        670.18378028805182        5607.1120574345341     
   1.8549999585375190        668.37735500425651        5780.4613201005795     
   1.8599999584257603        666.58064168435260        5958.3817470811191     
   1.8649999583140016        664.79356221602995        6140.9243337301741     
   1.8699999582022429        663.01603932240425        6328.1345330511067     
   1.8749999580904841        661.24799655087782        6520.0519055832519     
   1.8799999579787254        659.48935826217871        6716.7097797245715     
   1.8849999578669667        657.74004961957337        6918.1349244511075     
   1.8899999577552080        655.99999657825185        7124.3472363834326     
   1.8949999576434493        654.26912587487914        7335.3594431270276     
   1.8999999575316906        652.54736501731361        7551.1768247780001     
   1.9049999574199319        650.83464227448599        7771.7969554376141     
   1.9099999573081732        649.13088666643762        7997.2094665183795     
   1.9149999571964145        647.43602795451488        8227.3958335519146     
   1.9199999570846558        645.74999663171661        8462.3291881238292     
   1.9249999569728971        644.07272391319270        8701.9741564644501     
   1.9299999568611383        642.40414172688907        8946.2867261166084     
   1.9349999567493796        640.74418270433898        9195.2141419831642     
   1.9399999566376209        639.09278017159579        9448.6948329288443     
   1.9449999565258622        637.44986814030642        9706.6583699731655     
   1.9499999564141035        635.81538129892101        9969.0254569651806     
   1.9549999563023448        634.18925500403884        10235.707954477310     
   1.9599999561905861        632.57142527188569        10506.608937495201     
   1.9649999560788274        630.96182876992157        10781.622787315142     
   1.9699999559670687        629.36040280857662        11060.635317890446     
   1.9749999558553100        627.76708533311182        11343.523936694952     
   1.9799999557435513        626.18181491560404        11630.157839996822     
   1.9849999556317925        624.60453074705083        11920.398242259627     
   1.9899999555200338        623.03517262959588        12214.098639212314     
   1.9949999554082751        621.47368096887010        12511.105103956083     
   1.9999999552965164        619.91999676644798        12811.256615305301     
   2.0049999551847577        618.37406161241688        13114.385417393460     
   2.0099999550729990        616.83581767805765        13420.317409414141     
   2.0149999549612403        615.30520770863325        13728.872564212976     
   2.0199999548494816        613.78217501628512        14039.865374300110     
   2.0249999547377229        612.26666347303501        14353.105323715517     
   2.0299999546259642        610.75861750388958        14668.397384051965     
   2.0349999545142055        609.25798208004710        14985.542532823960     
   2.0399999544024467        607.76470271220387        15304.338292266077     
   2.0449999542906880        606.27872544395882        15624.579286551818     
   2.0499999541789293        604.79999684531504        15946.057815344710     
   2.0549999540671706        603.32846400627534        16268.564441527615     
   2.0599999539554119        601.86407453053198        16591.888590904437     
   2.0649999538436532        600.40677652924740        16915.819161630847     
   2.0699999537318945        598.95651861492559        17240.145141107463     
   2.0749999536201358        597.51324989537147        17564.656228059688     
   2.0799999535083771        596.07691996773838        17889.143457534083     
   2.0849999533966184        594.64747891265995        18213.399826560228     
   2.0899999532848597        593.22487728846693        18537.220918259081     
   2.0949999531731009        591.80906612548733        18860.405522225283     
   2.0999999530613422        590.39999692042659        19182.756249067948     
   2.1049999529495835        588.99762163082937        19504.080137063949     
   2.1099999528378248        587.60189266961891        19824.189248957584     
   2.1149999527260661        586.21276289971433        20142.901257029524     
   2.1199999526143074        584.83018562872451        20460.040014655777     
   2.1249999525025487        583.45411460371577        20775.436112682379     
   2.1299999523907900        582.08450400605443        21088.927419052274     
   2.1349999522790313        580.72130844632125        21400.359600235872     
   2.1399999521672726        579.36448295929711        21709.586623136351     
   2.1449999520555139        578.01398299901905        22016.471236260400     
   2.1499999519437551        576.66976443390502        22320.885429066257     
   2.1549999518319964        575.33178354194706        22622.710868521517     
   2.1599999517202377        573.99999700597027        22921.839312019438     
   2.1649999516084790        572.67436190895887        23218.172995917776     
   2.1699999514967203        571.35483572944509        23511.624999071653     
   2.1749999513849616        570.04137633696359        23802.119580835479     
   2.1799999512732029        568.73394198756694        24089.592493103381     
   2.1849999511614442        567.43249131940320        24373.991266044093     
   2.1899999510496855        566.13698334835431        24655.275467264095     
   2.1949999509379268        564.84737746373389        24933.416934198405     
   2.1999999508261681        563.56363342404359        25208.399979585462     
   2.2049999507144094        562.28571135278730        25480.221569925863     
   2.2099999506026506        561.01357173434201        25748.891476857694     
   2.2149999504908919        559.74717540988524        26014.432401401453     
   2.2199999503791332        558.48648357337652        26276.880071035455     
   2.2249999502673745        557.23145776759361        26536.283309558654     
   2.2299999501556158        555.98205988022232        26792.704079682808     
   2.2349999500438571        554.73825213999817        27046.217498267779     
   2.2399999499320984        553.49999711289991        27296.911824077786     
   2.2449999498203397        552.26725769839459        27544.888417887352     
   2.2499999497085810        551.03999712573147        27790.261674711281     
   2.2549999495968223        549.81817895028644        28033.158927868062     
   2.2599999494850636        548.60176704995399        28273.720324516464     
   2.2649999493733048        547.39072562158765        28512.098672230190     
   2.2699999492615461        546.18501917748722        28748.459256097201     
   2.2749999491497874        544.98461254193228        28982.979625749835     
   2.2799999490380287        543.78947084776132        29215.849351652880     
   2.2849999489262700        542.59955953299607        29447.269749898282     
   2.2899999488145113        541.41484433750918        29677.453574681302     
   2.2949999487027526        540.23529129973679        29906.624677564858     
   2.2999999485909939        539.06086675343295        30135.017632578325     
   2.3049999484792352        537.89153732446675        30362.877326145954     
   2.3099999483674765        536.72726992766059        30590.458510801640     
   2.3149999482557178        535.56803176366998        30818.025321620127     
   2.3199999481439590        534.41379031590338        31045.850754285158     
   2.3249999480322003        533.26451334748208        31274.216103720672     
   2.3299999479204416        532.12016889823860        31503.410362236988     
   2.3349999478086829        530.98072528175408        31733.729576187699     
   2.3399999476969242        529.84615108243418        31965.476160199876     
   2.3449999475851655        528.71641515262081        32198.958168127690     
   2.3499999474734068        527.59148660974290        32434.488519991235     
   2.3549999473616481        526.47133483350149        32672.384184296781     
   2.3599999472498894        525.35592946309146        32912.965315294387     
   2.3649999471381307        524.24524039445919        33156.554344911659     
   2.3699999470263720        523.13923777759317        33403.475029310153     
   2.3749999469146132        522.03789201385086        33654.051450242885     
   2.3799999468028545        520.94117375331757        33908.606971644804     
   2.3849999466910958        519.84905389219955        34167.463152166813     
   2.3899999465793371        518.76150357024937        34430.938614660226     
   2.3949999464675784        517.67849416822378        34699.347873937841     
   2.3999999463558197        516.59999730537334        34973.000124472361     
   2.4049999462440610        515.52598483696295        35252.197990045759     
   2.4099999461323023        514.45642885182406        35537.236237727142     
   2.4149999460205436        513.39130166993618        35828.400458935481     
   2.4199999459087849        512.33057584003961        36125.965720725966     
   2.4249999457970262        511.27422413727663        36430.195190832841     
   2.4299999456852674        510.22221956086253        36741.338740392195     
   2.4349999455735087        509.17453533178474        37059.631528662962     
   2.4399999454617500        508.13114489053112        37385.292574451589     
   2.4449999453499913        507.09202189484495        37718.523319327956     
   2.4499999452382326        506.05714021750850        38059.506188089275     
   2.4549999451264739        505.02647394415311        38408.403152284372     
   2.4599999450147152        503.99999737109590        38765.354302946806     
   2.4649999449029565        502.97768500320319        39130.476438999933     
   2.4699999447911978        501.95951155177971        39503.861678086192     
   2.4749999446794391        500.94545193248319        39885.576096831981     
   2.4799999445676804        499.93548126326448        40275.658407786483     
   2.4849999444559216        498.92957486233234        40674.118680464519     
   2.4899999443441629        497.92770824614291        41080.937114073808     
   2.4949999442324042        496.92985712741319        41496.062869619884     
   2.4999999441206455        495.93599741315836        41919.412969144716     
   2.5049999440088868        494.94610520275285        42350.871269876450     
   2.5099999438971281        493.96015678601429        42790.287521035090     
   2.5149999437853694        492.97812864131049        43237.476510961082     
   2.5199999436736107        491.99999743368886        43692.217312097615     
   2.5249999435618520        491.02574001302810        44154.252631174226     
   2.5299999434500933        490.05533341221184        44623.288271698155     
   2.5349999433383346        489.08875484532382        45098.992715565859     
   2.5399999432265759        488.12598170586455        45580.996830260665     
   2.5449999431148171        487.16699156498856        46068.893707699994     
   2.5499999430030584        486.21176216976312        46562.238640344469     
   2.5549999428912997        485.26027144144655        47060.549239674197     
   2.5599999427795410        484.31249747378746        47563.305701588033     
   2.5649999426677823        483.36841853134342        48069.951222678486     
   2.5699999425560236        482.42801304781943        48579.892570693723     
   2.5749999424442649        481.49125962442560        49092.500811811413     
   2.5799999423325062        480.55813702825424        49607.112196628950     
   2.5849999422207475        479.62862419067540        50123.029206016065     
   2.5899999421089888        478.70270020575128        50639.521757193528     
   2.5949999419972301        477.78034432866895        51155.828569588477     
   2.5999999418854713        476.86153597419070        51671.158689187891     
   2.6049999417737126        475.94625471512319        52184.693169265294     
   2.6099999416619539        475.03448028080305        52695.586904499352     
   2.6149999415501952        474.12619255560071        53202.970614642800     
   2.6199999414384365        473.22137157744118        53705.952973040410     
   2.6249999413266778        472.31999753634130        54203.622874440283     
   2.6299999412149191        471.42205077296421        54695.051835703227     
   2.6349999411031604        470.52751177719011        55179.296522190241     
   2.6399999409914017        469.63636118670297        55655.401391808409     
   2.6449999408796430        468.74857978559390        56122.401447926219     
   2.6499999407678843        467.86414850297956        56579.325091630861     
   2.6549999406561255        466.98304841163690        57025.197063106207     
   2.6599999405443668        466.10526072665260        57459.041461256624     
   2.6649999404326081        465.23076680408849        57879.884830102514     
   2.6699999403208494        464.35954813966140        58286.759299923884     
   2.6749999402090907        463.49158636743772        58678.705770642802     
   2.6799999400973320        462.62686325854327        59054.777124506596     
   2.6849999399855733        461.76536071988676        59414.041454775797     
   2.6899999398738146        460.90706079289811        59755.585296829428     
   2.6949999397620559        460.05194565228049        60078.516847881234     
   2.6999999396502972        459.19999760477629        60381.969161353773     
   2.7049999395385385        458.35119908794672        60665.103301890602     
   2.7099999394267797        457.50553266896526        60927.111446990137     
   2.7149999393150210        456.66298104342388        61167.219921332129     
   2.7199999392032623        455.82352703415290        61384.692150027222     
   2.7249999390915036        454.98715359005354        61578.831517259787     
   2.7299999389797449        454.15384378494355        61748.984117109947     
   2.7349999388679862        453.32358081641530        61894.541383727803     
   2.7399999387562275        452.49634800470653        62014.942588498023     
   2.7449999386444688        451.67212879158319        62109.677192363393     
   2.7499999385327101        450.85090673923486        62178.287042076561     
   2.7549999384209514        450.03266552918183        62220.368399812796     
   2.7599999383091927        449.21738896119416        62235.573796300174     
   2.7649999381974339        448.40506095222275        62223.613698403788     
   2.7699999380856752        447.59566553534148        62184.257982929834     
   2.7749999379739165        446.78918685870121        62117.337209295198     
   2.7799999378621578        445.98560918449493        62022.743684623609     
   2.7849999377503991        445.18491688793392        61900.432315784696     
   2.7899999376386404        444.38709445623510        61750.421243875258     
   2.7949999375268817        443.59212648761928        61572.792257649664     
   2.7999999374151230        442.79999769031997        61367.690983431792     
   2.8049999373033643        442.01069288160284        61135.326850076577     
   2.8099999371916056        441.22419698679568        60875.972828594138     
   2.8149999370798469        440.44049503832889        60589.964947089742     
   2.8199999369680882        439.65957217478575        60277.701582708229     
   2.8249999368563294        438.88141363996317        59939.642533295759     
   2.8299999367445707        438.10600478194203        59576.307872493569     
   2.8349999366328120        437.33333105216786        59188.276592960683     
   2.8399999365210533        436.56337800454082        58776.185043369929     
   2.8449999364092946        435.79613129451525        58340.725165739139     
   2.8499999362975359        435.03157667820909        57882.642540532259     
   2.8549999361857772        434.26970001152222        57402.734247797482     
   2.8599999360740185        433.51048724926432        56901.846553389267     
   2.8649999359622598        432.75392444429178        56380.872430051815     
   2.8699999358505011        431.99999774665361        55840.748923812316     
   2.8749999357387424        431.24869340274643        55282.454376746777     
   2.8799999356269836        430.49999775447776        54707.005517732439     
   2.8849999355152249        429.75389723843881        54115.454433286381     
   2.8899999354034662        429.01037838508506        53508.885431012895     
   2.8949999352917075        428.26942781792604        52888.411808534242     
   2.8999999351799488        427.53103225272270        52255.172541065964     
   2.9049999350681901        426.79517849669395        51610.328901014276     
   2.9099999349564314        426.06185344773053        50955.061023122136     
   2.9149999348446727        425.33104409361778        50290.564428770311     
   2.9199999347329140        424.60273751126573        49618.046523053767     
   2.9249999346211553        423.87692086594734        48938.723078199924     
   2.9299999345093966        423.15358141054469        48253.814716780304     
   2.9349999343976378        422.43270648480268        47564.543407985584     
   2.9399999342858791        421.71428351459042        46872.128989997909     
   2.9449999341741204        420.99830001117010        46177.785731195981     
   2.9499999340623617        420.28474357047321        45482.718942579559     
   2.9549999339506030        419.57360187238442        44788.121653398346     
   2.9599999338388443        418.86486268003239        44095.171361521498     
   2.9649999337270856        418.15851383908802        43405.026869590816     
   2.9699999336153269        417.45454327706932        42718.825217468031     
   2.9749999335035682        416.75293900265410        42037.678720916840     
   2.9799999333918095        416.05368910499863        41362.672125858022     
   2.9849999332800508        415.35678175306396        40694.859886907136     
   2.9899999331682920        414.66220519494846        40035.263578246922     
   2.9949999330565333        413.96994775722732        39384.869444215110     
   2.9999999329447746        413.27999784429863        38744.626096292937     
   3.0049999328330159        412.59234393773573        38115.442362480346     
   3.0099999327212572        411.90697459564649        37498.185294327253     
   3.0149999326094985        411.22387845203843        36893.678336177356     
   3.0199999324977398        410.54304421619071        36302.699660459708     
   3.0249999323859811        409.86446067203173        35725.980672149723     
   3.0299999322742224        409.18811667752340        35164.204684809993     
   3.0349999321624637        408.51400116405136        34618.005769920215     
   3.0399999320507050        407.84210313582099        34087.967780516759     
   3.0449999319389462        407.17241166925976        33574.623549485725     
   3.0499999318271875        406.50491591242491        33078.454262196756     
   3.0549999317154288        405.83960508441766        32599.889002524258     
   3.0599999316036701        405.17646847480256        32139.304470686642     
   3.0649999314919114        404.51549544303293        31697.024870738187     
   3.0699999313801527        403.85667541788138        31273.321964979546     
   3.0749999312683940        403.19999789687671        30868.415292008838     
   3.0799999311566353        402.54545244574541        30482.472544619381     
   3.0849999310448766        401.89302869785928        30115.610103262778     
   3.0899999309331179        401.24271635368797        29767.893720337499     
   3.0949999308213592        400.59450518025716        29439.339350134644     
   3.0999999307096004        399.94838501061156        29129.914118875113     
   3.1049999305978417        399.30434574328370        28839.537428904303     
   3.1099999304860830        398.66237734176718        28568.082190774207     
   3.1149999303743243        398.02246983399544        28315.376176637099     
   3.1199999302625656        397.38461331182560        28081.203488099793     
   3.1249999301508069        396.74879793052668        27865.306131442736     
   3.1299999300390482        396.11501390827345        27667.385692893746     
   3.1349999299272895        395.48325152564462        27487.105106461775     
   3.1399999298155308        394.85350112512606        27324.090506679873     
   3.1449999297037721        394.22575311061871        27177.933158480737     
   3.1499999295920134        393.59999794695108        27048.191456328324     
   3.1549999294802547        392.97622615939650        26934.392984659138     
   3.1599999293684959        392.35442833319490        26836.036631641840     
   3.1649999292567372        391.73459511307925        26752.594748245428     
   3.1699999291449785        391.11671720280629        26683.515344614603     
   3.1749999290332198        390.50078536469164        26628.224315782296     
   3.1799999289214611        389.88679041914963        26586.127688806009     
   3.1849999288097024        389.27472324423735        26556.613883494392     
   3.1899999286979437        388.66457477520248        26539.055978993067     
   3.1949999285861850        388.05633600403627        26532.813978622853     
   3.1999999284744263        387.44999797902994        26537.237065509977     
   3.2049999283626676        386.84555180433568        26551.665841714443     
   3.2099999282509089        386.24298863953140        26575.434543748634     
   3.2149999281391501        385.64229969919000        26607.873227585678     
   3.2199999280273914        385.04347625245214        26648.309916480208     
   3.2249999279156327        384.44650962260340        26696.072705168175     
   3.2299999278038740        383.85139118665506        26750.491814271267     
   3.2349999276921153        383.25811237492917        26810.901589009256     
   3.2399999275803566        382.66666467064687        26876.642436614595     
   3.2449999274685979        382.07703960952108        26947.062697152120     
   3.2499999273568392        381.48922877935257        27021.520442768156     
   3.2549999272450805        380.90322381963006        27099.385200727673     
   3.2599999271333218        380.31901642113371        27180.039595946957     
   3.2649999270215631        379.73659832554239        27262.880909087202     
   3.2699999269098043        379.15596132504464        27347.322546644551     
   3.2749999267980456        378.57709726195293        27432.795419851438     
   3.2799999266862869        377.99999802832190        27518.749229590714     
   3.2849999265745282        377.42465556556954        27604.653654919344     
   3.2899999264627695        376.85106186410212        27689.999443198263     
   3.2949999263510108        376.27920896294262        27774.299400230208     
   3.2999999262392521        375.70908894936241        27857.089279215259     
   3.3049999261274934        375.14069395851618        27937.928567743456     
   3.3099999260157347        374.57401617308034        28016.401172453800     
   3.3149999259039760        374.00904782289467        28092.116001397782     
   3.3199999257922173        373.44578118460720        28164.707444550186     
   3.3249999256804585        372.88420858132207        28233.835753311610     
   3.3299999255686998        372.32432238225101        28299.187320241046     
   3.3349999254569411        371.76611500236760        28360.474860643295     
   3.3399999253451824        371.20957890206466        28417.437498012434     
   3.3449999252334237        370.65470658681494        28469.840755697642     
   3.3499999251216650        370.10149060683460        28517.476457509332     
   3.3549999250099063        369.54992355674989        28560.162540319761     
   3.3599999248981476        368.99999807526666        28597.742782033412     
   3.3649999247863889        368.45170684484276        28630.086448602528     
   3.3699999246746302        367.90504259136378        28657.087864046756     
   3.3749999245628715        367.35999808382098        28678.665907695078     
   3.3799999244511127        366.81656613399286        28694.763443106596     
   3.3849999243393540        366.27473959612877        28705.346683340358     
   3.3899999242275953        365.73451136663596        28710.404497432628     
   3.3949999241158366        365.19587438376902        28709.947663102099     
   3.3999999240040779        364.65882162732231        28704.008070838736     
   3.4049999238923192        364.12334611832478        28692.637884638258     
   3.4099999237805605        363.58944091873781        28675.908664722239     
   3.4149999236688018        363.05709913115544        28653.910457633494     
   3.4199999235570431        362.52631389850757        28626.750859114542     
   3.4249999234452844        361.99707840376522        28594.554055168457     
   3.4299999233335257        361.46938586964893        28557.459846660320     
   3.4349999232217669        360.94322955833940        28515.622662749622     
   3.4399999231100082        360.41860277119065        28469.210568346061     
   3.4449999229982495        359.89549884844581        28418.404270655476     
   3.4499999228864908        359.37391116895532        28363.396129729681     
   3.4549999227747321        358.85383314989753        28304.389177754383     
   3.4599999226629734        358.33525824650172        28241.596151605660     
   3.4649999225512147        357.81817995177369        28175.238542976134     
   3.4699999224394560        357.30259179622362        28105.545670123076     
   3.4749999223276973        356.78848734759595        28032.753775018617     
   3.4799999222159386        356.27586021060227        27957.105149393439     
   3.4849999221041799        355.76470402665592        27878.847292858703     
   3.4899999219924212        355.25501247360916        27798.232105970670     
   3.4949999218806624        354.74677926549236        27715.515120768712     
   3.4999999217689037        354.23999815225596        27630.954770974269     
   3.5049999216571450        353.73466291951382        27544.811703687508     
   3.5099999215453863        353.23076738828945        27457.348134061354     
   3.5149999214336276        352.72830541476412        27368.827244073858     
   3.5199999213218689        352.22727089002723        27279.512626159365     
   3.5249999212101102        351.72765773982860        27189.667772101813     
   3.5299999210983515        351.22945992433313        27099.555607239534     
   3.5349999209865928        350.73267143787717        27009.438069685068     
   3.5399999208748341        350.23728630872768        26919.575733925445     
   3.5449999207630754        349.74329859884227        26830.227477843768     
   3.5499999206513166        349.25070240363266        26741.650191889465     
   3.5549999205395579        348.75949185172880        26654.098528829447     
   3.5599999204277992        348.26966110474604        26567.824692233258     
   3.5649999203160405        347.78120435705353        26483.078261585786     
   3.5699999202042818        347.29411583554509        26400.106051683841     
   3.5749999200925231        346.80838979941143        26319.152003756924     
   3.5799999199807644        346.32402053991507        26240.457105561432     
   3.5849999198690057        345.84100238016623        26164.259337530792     
   3.5899999197572470        345.35932967490135        26090.793641923716     
   3.5949999196454883        344.87899681026312        26020.291911799664     
   3.5999999195337296        344.39999820358219        25952.982996562514     
   3.6049999194219708        343.92232830316112        25889.092720756435     
   3.6099999193102121        343.44598158805979        25828.843912764693     
   3.6149999191984534        342.97095256788270        25772.456440059668     
   3.6199999190866947        342.49723578256794        25720.147247674715     
   3.6249999189749360        342.02482580217816        25672.130396618923     
   3.6299999188631773        341.55371722669310        25628.617099031395     
   3.6349999187514186        341.08390468580353        25589.815746973090     
   3.6399999186396599        340.61538283870766        25555.931931878506     
   3.6449999185279012        340.14814637390833        25527.168451837595     
   3.6499999184161425        339.68219000901257        25503.725304046751     
   3.6549999183043838        339.21750849053240        25485.799659956858     
   3.6599999181926250        338.75409659368739        25473.585820852109     
   3.6649999180808663        338.29194912220896        25467.275151817135     
   3.6699999179691076        337.83106090814601        25467.055992286383     
   3.6749999178573489        337.37142681167234        25473.113541619739     
   3.6799999177455902        336.91304172089565        25485.629718407599     
   3.6849999176338315        336.45590055166781        25504.782992477427     
   3.6899999175220728        335.99999824739729        25530.748188846766     
   3.6949999174103141        335.54532977886220        25563.696263146514     
   3.6999999172985554        335.09189014402591        25603.794048317519     
   3.7049999171867967        334.63967436785316        25651.203972662908     
   3.7099999170750380        334.18867750212826        25706.083749615056     
   3.7149999169632792        333.73889462527478        25768.586039849542     
   3.7199999168515205        333.29032084217630        25838.858086642547     
   3.7249999167397618        332.84295128399890        25917.041325627459     
   3.7299999166280031        332.39678110801498        26003.270970352591     
   3.7349999165162444        331.95180549742861        26097.675575278154     
   3.7399999164044857        331.50801966120213        26200.376578072457     
   3.7449999162927270        331.06541883388411        26311.487823275085     
   3.7499999161809683        330.62399827543891        26431.115069585841     
   3.7549999160692096        330.18375327107748        26559.355483212676     
   3.7599999159574509        329.74467913108936        26696.297119867206     
   3.7649999158456922        329.30677119067622        26842.018398134376     
   3.7699999157339334        328.87002480978668        26996.587567058476     
   3.7749999156221747        328.43443537295258        27160.062170886424     
   3.7799999155104160        327.99999828912593        27332.488513984219     
   3.7849999153986573        327.56670899151806        27513.901128999176     
   3.7899999152868986        327.13456293743957        27704.322251375052     
   3.7949999151751399        326.70355560814119        27903.761303341369     
   3.7999999150633812        326.27368250865680        28112.214390493154     
   3.8049999149516225        325.84493916764677        28329.663814049960     
   3.8099999148398638        325.41732113724299        28556.077601839206     
   3.8149999147281051        324.99082399289540        28791.409060984020     
   3.8199999146163464        324.56544333321881        29035.596355194313     
   3.8249999145045877        324.14117477984206        29288.562109461302     
   3.8299999143928289        323.71801397725744        29550.213044840326     
   3.8349999142810702        323.29595659267170        29820.439645878443     
   3.8399999141693115        322.87499831585831        30099.115863098676     
   3.8449999140575528        322.45513485901063        30386.098852798739     
   3.8499999139457941        322.03636195659635        30681.228756253746     
   3.8549999138340354        321.61867536521294        30984.328520237337     
   3.8599999137222767        321.20207086344453        31295.203760589131     
   3.8649999136105180        320.78654425171953        31613.642670365291     
   3.8699999134987593        320.37209135216949        31939.415973910298     
   3.8749999133870006        319.95870800848928        32272.276927985808     
   3.8799999132752419        319.54639008579790        32611.961370886966     
   3.8849999131634831        319.13513347050088        32958.187820268948     
   3.8899999130517244        318.72493407015321        33310.657620198654     
   3.8949999129399657        318.31578781332371        33669.055137739117     
   3.8999999128282070        317.90769064946051        34033.048009168502     
   3.9049999127164483        317.50063854875697        34402.287435733480     
   3.9099999126046896        317.09462750201942        34776.408528636151     
   3.9149999124929309        316.68965352053533        35155.030702762546     
   3.9199999123811722        316.28571263594284        35537.758118468679     
   3.9249999122694135        315.88280090010085        35924.180170561711     
   3.9299999121576548        315.48091438496078        36313.872023435688     
   3.9349999120458961        315.08004918243859        36706.395191155963     
   3.9399999119341373        314.68020140428831        37101.298161126884     
   3.9449999118223786        314.28136718197612        37498.117059826327     
   3.9499999117106199        313.88354266655591        37896.376358949303     
   3.9549999115988612        313.48672402854510        38295.589620170918     
   3.9599999114871025        313.09090745780202        38695.260276615532     
   3.9649999113753438        312.69608916340377        39094.882449005068     
   3.9699999112635851        312.30226537352542        39493.941794356637     
   3.9749999111518264        311.90943233531971        39891.916385003409     
   3.9799999110400677        311.51758631479794        40288.277615629187     
   3.9849999109283090        311.12672359671166        40682.491135929820     
   3.9899999108165503        310.73684048443505        41074.017806448930     
   3.9949999107047915        310.34793329984876        41462.314675076530     
   3.9999999105930328        309.95999838322399        41846.835971650449     
   4.0049999104812741        309.57303209310760        42227.034118059120     
   4.0099999103695154        309.18703080620844        42602.360751210857     
   4.0149999102577567        308.80199091728417        42972.267756210815     
   4.0199999101459980        308.41790883902883        43336.208307067005     
   4.0249999100342393        308.03478100196173        43693.637912237558     
   4.0299999099224806        307.65260385431662        44044.015462327101     
   4.0349999098107219        307.27137386193209        44386.804277241441     
   4.0399999096989632        306.89108750814256        44721.473150120917     
   4.0449999095872045        306.51174129367018        45047.497385384682     
   4.0499999094754457        306.13333173651750        45364.359828241177     
   4.0549999093636870        305.75585537186089        45671.551883044456     
   4.0599999092519283        305.37930875194479        45968.574517908135     
   4.0649999091401696        305.00368844597688        46254.939253025274     
   4.0699999090284109        304.62899104002355        46530.169130184207     
   4.0749999089166522        304.25521313690695        46793.799661016739     
   4.0799999088048935        303.88235135610194        47045.379751567649     
   4.0849999086931348        303.51040233363426        47284.472600829729     
   4.0899999085813761        303.13936272197941        47510.656570951716     
   4.0949999084696174        302.76922918996235        47723.526026891035     
   4.0999999083578587        302.39999842265752        47922.692143356180     
   4.1049999082460999        302.03166712129013        48107.783676958890     
   4.1099999081343412        301.66423200313767        48278.447701577912     
   4.1149999080225825        301.29768980143280        48434.350305022563     
   4.1199999079108238        300.93203726526599        48575.177245175553     
   4.1249999077990651        300.56727115948991        48700.634563891377     
   4.1299999076873064        300.20338826462370        48810.449157028757     
   4.1349999075755477        299.84038537675838        48904.369299101796     
   4.1399999074637890        299.47825930746279        48982.165121147897     
   4.1449999073520303        299.11700688369018        49043.629040527245     
   4.1499999072402716        298.75662494768574        49088.576141491387     
   4.1549999071285129        298.39711035689430        49116.844505486653     
   4.1599999070167542        298.03845998386919        49128.295490289791     
   4.1649999069049954        297.68067071618151        49122.813957211059     
   4.1699999067932367        297.32373945632997        49100.308445741772     
   4.1749999066814780        296.96766312165170        49060.711295169000     
   4.1799999065697193        296.61243864423346        49003.978712829667     
   4.1849999064579606        296.25806297082340        48930.090788830887     
   4.1899999063462019        295.90453306274367        48839.051457217611     
   4.1949999062344432        295.55184589580352        48730.888403730161     
   4.1999999061226845        295.19999846021329        48605.652920453256     
   4.2049999060109258        294.84898776049840        48463.419707821689     
   4.2099999058991671        294.49881081541469        48304.286624610933     
   4.2149999057874084        294.14946465786380        48128.374386704454     
   4.2199999056756496        293.80094633480945        47935.826215592569     
   4.2249999055638909        293.45325290719427        47726.807437719275     
   4.2299999054521322        293.10638144985717        47501.505035953211     
   4.2349999053403735        292.76032905145121        47260.127154615810     
   4.2399999052286148        292.41509281436225        47002.902559652604     
   4.2449999051168561        292.07066985462802        46730.080055682127     
   4.2499999050050974        291.72705730185788        46441.927861800803     
   4.2549999048933387        291.38425229915299        46138.732948158256     
   4.2599999047815800        291.04225200302722        45820.800335448876     
   4.2649999046698213        290.70105358332847        45488.452359586612     
   4.2699999045580626        290.36065422316062        45142.027903945091     
   4.2749999044463038        290.02105111880604        44781.881601648362     
   4.2799999043345451        289.68224147964855        44408.383010493926     
   4.2849999042227864        289.34422252809708        44021.915763172234     
   4.2899999041110277        289.00699149950952        43622.876695520652     
   4.2949999039992690        288.67054564211782        43211.674955611139     
   4.2999999038875103        288.33488221695251        42788.731096519579     
   4.3049999037757516        287.99999849776907        42354.476155661927     
   4.3099999036639929        287.66589177097353        41909.350723605443     
   4.3149999035522342        287.33255933554943        41453.804005274898     
   4.3199999034404755        286.99999850298514        40988.292876470739     
   4.3249999033287168        286.66820659720139        40513.280938600918     
   4.3299999032169580        286.33718095447944        40029.237574499501     
   4.3349999031051993        286.00691892339006        39536.637008163387     
   4.3399999029934406        285.67741786472254        39035.957371184202     
   4.3449999028816819        285.34867515141445        38527.679778585523     
   4.3499999027699232        285.02068816848180        38012.287416696825     
   4.3549999026581645        284.69345431294971        37490.264645604941     
   4.3599999025464058        284.36697099378347        36962.096118622423     
   4.3649999024346471        284.04123563182037        36428.265921100843     
   4.3699999023228884        283.71624565970160        35889.256730794921     
   4.3749999022111297        283.39199852180479        35345.549001854342     
   4.3799999020993710        283.06849167417715        34797.620174380558     
   4.3849999019876122        282.74572258446887        34245.943911341936     
   4.3899999018758535        282.42368873186695        33690.989364488487     
   4.3949999017640948        282.10238760702981        33133.220470750755     
   4.3999999016523361        281.78181671202179        32573.095280447316     
   4.4049999015405774        281.46197356024879        32011.065318460744     
   4.4099999014288187        281.14285567639365        31447.574979376568     
   4.4149999013170600        280.82446059635242        30883.060957412104     
   4.4199999012053013        280.50678586717100        30317.951711795457     
   4.4249999010935426        280.18982904698214        29752.666968088688     
   4.4299999009817839        279.87358770494262        29187.617255784975     
   4.4349999008700252        279.55805942117155        28623.203482348847     
   4.4399999007582664        279.24324178668826        28059.816543710855     
   4.4449999006465077        278.92913240335116        27497.836971075965     
   4.4499999005347490        278.61572888379681        26937.634613758091     
   4.4549999004229903        278.30302885137957        26379.568357612661     
   4.4599999003112316        277.99102994011116        25823.985878505748     
   4.4649999001994729        277.67972979460154        25271.223430133028     
   4.4699999000877142        277.36912606999908        24721.605665384213     
   4.4749998999759555        277.05921643193204        24175.445490340571     
   4.4799998998641968        276.74999855644995        23633.043949893632     
   4.4849998997524381        276.44147012996564        23094.690143884065     
   4.4899998996406794        276.13362884919729        22560.661172579566     
   4.4949998995289207        275.82647242111142        22031.222110241193     
   4.4999998994171619        275.51999856286574        21506.626005467977     
   4.5049998993054032        275.21420500175270        20987.113906960189     
   4.5099998991936445        274.90908947514322        20472.914913302382     
   4.5149998990818858        274.60464973043099        19964.246245337923     
   4.5199998989701271        274.30088352497700        19461.313339687102     
   4.5249998988583684        273.99778862605433        18964.309961950785     
   4.5299998987466097        273.69536281079382        18473.418338140535     
   4.5349998986348510        273.39360386612918        17988.809302883721     
   4.5399998985230923        273.09250958874361        17510.642462968368     
   4.5449998984113336        272.79207778501558        17039.066374815808     
   4.5499998982995749        272.49230627096614        16574.218734500693     
   4.5549998981878161        272.19319287220549        16116.226578975185     
   4.5599998980760574        271.89473542388066        15665.206497197858     
   4.5649998979642987        271.59693177062343        15221.264849917119     
   4.5699998978525400        271.29977976649803        14784.497996912540     
   4.5749998977407813        271.00327727494994        14354.992530555615     
   4.5799998976290226        270.70742216875459        13932.825514612670     
   4.5849998975172639        270.41221232996639        13518.064727276904     
   4.5899998974055052        270.11764564986839        13110.768907482612     
   4.5949998972937465        269.82372002892185        12710.988003622502     
   4.5999998971819878        269.53043337671647        12318.763423857370     
   4.6049998970702291        269.23778361192092        11934.128287276253     
   4.6099998969584703        268.94576866223338        11557.107675233579     
   4.6149998968467116        268.65438646433279        11187.718882257215     
   4.6199998967349529        268.36363496383029        10825.971665987645     
   4.6249998966231942        268.07351211522075        10471.868495672536     
   4.6299998965114355        267.78401588183499        10125.404798803002     
   4.6349998963996768        267.49514423579200        9786.5692055370801     
   4.6399998962879181        267.20689515795169        9455.3437906122199     
   4.6449998961761594        266.91926663786779        9131.7043125013224     
   4.6499998960644007        266.63225667374104        8815.6204496164337     
   4.6549998959526420        266.34586327237292        8507.0560334094607     
   4.6599998958408833        266.06008444911930        8205.9692782611437     
   4.6649998957291245        265.77491822784481        7912.3130080868841     
   4.6699998956173658        265.49036264087704        7626.0348796216904     
   4.6749998955056071        265.20641572896170        7347.0776023756789     
   4.6799998953938484        264.92307554121709        7075.3791552769244     
   4.6849998952820897        264.64034013508984        6810.8730000396044     
   4.6899998951703310        264.35820757631041        6553.4882913125948     
   4.6949998950585723        264.07667593884895        6303.1500836771784     
   4.6999998949468136        263.79574330487145        6059.7795355722174     
   4.7049998948350549        263.51540776469625        5823.2941102314444     
   4.7099998947232962        263.23566741675074        5593.6077737206115     
   4.7149998946115375        262.95652036752830        5370.6311901621630     
   4.7199998944997787        262.67796473154573        5154.2719142323886     
   4.7249998943880200        262.39999863130072        4944.4345810107106     
   4.7299998942762613        262.12262019722959        4741.0210932532527     
   4.7349998941645026        261.84582756766542        4543.9308061533693     
   4.7399998940527439        261.56961888879658        4353.0607096407239     
   4.7449998939409852        261.29399231462503        4168.3056082579560     
   4.7499998938292265        261.01894600692543        3989.5582986404579     
   4.7549998937174678        260.74447813520419        3816.7097446103662     
   4.7599998936057091        260.47058687665879        3649.6492498809521     
   4.7649998934939504        260.19727041613766        3488.2646283524664     
   4.7699998933821917        259.92452694609977        3332.4423719652527     
   4.7749998932704329        259.65235466657504        3182.0678160610109     
   4.7799998931586742        259.38075178512469        3037.0253021886078     
   4.7849998930469155        259.10971651680165        2897.1983382769085     
   4.7899998929351568        258.83924708411189        2762.4697560841678     
   4.7949998928233981        258.56934171697515        2632.7218658214547     
   4.7999998927116394        258.29999865268667        2507.8366078367699     
   4.8049998925998807        258.03121613587842        2387.6957012369353     
   4.8099998924881220        257.76299241848147        2272.1807893161613     
   4.8149998923763633        257.49532575968760        2161.1735816534756     
   4.8199998922646046        257.22821442591203        2054.5559927360646     
   4.8249998921528459        256.96165669075560        1952.2102769619135     
   4.8299998920410872        256.69565083496809        1854.0191598732310     
   4.8349998919293284        256.43019514641071        1759.8659654716730     
   4.8399998918175697        256.16528792001981        1669.6347394676466     
   4.8449998917058110        255.90092745777005        1583.2103683187156     
   4.8499998915940523        255.63711206863832        1500.4786939164226     
   4.8549998914822936        255.37384006856763        1421.3266237865892     
   4.8599998913705349        255.11110978043126        1345.6422366752572     
   4.8649998912587762        254.84891953399710        1273.3148834008753     
   4.8699998911470175        254.58726766589237        1204.2352828629316     
   4.8749998910352588        254.32615251956838        1138.2956131079404     
   4.8799998909235001        254.06557244526556        1075.3895973653930     
   4.8849998908117414        253.80552579997868        1015.4125849788151     
   4.8899998906999826        253.54601094742247        958.26162717038881     
   4.8949998905882239        253.28702625799713        903.83554759147864     
   4.8999998904764652        253.02857010875425        852.03500762581962     
   4.9049998903647065        252.77064088336309        802.76256642686440     
   4.9099998902529478        252.51323697207656        755.92273568579333     
   4.9149998901411891        252.25635677169805        711.42202914178245     
   4.9199998900294304        251.99999868554795        669.16900686122699     
   4.9249998899176717        251.74416112343064        629.07431432758585     
   4.9299998898059130        251.48884250160160        591.05071639824462     
   4.9349998896941543        251.23404124273472        555.01312619919247     
   4.9399998895823956        250.97975577588986        520.87862904225778     
   4.9449998894706368        250.72598453648047        488.56650146308345     
   4.9499998893588781        250.47272596624160        457.99822549082415     
   4.9549998892471194        250.21997851319796        429.09749827268820     
   4.9599998891353607        249.96774063163224        401.79023718781463     
   4.9649998890236020        249.71601078205356        376.00458059554239     
   4.9699998889118433        249.46478743116617        351.67088437283718     
   4.9749998888000846        249.21406905183838        328.72171440444407     
   4.9799998886883259        248.96385412307146        307.09183519721773     
   4.9849998885765672        248.71414112996908        286.71819479699644     
   4.9899998884648085        248.46492856370659        267.53990619235356     
   4.9949998883530498        248.21621492150069        249.49822539453325     
   4.9999998882412910        247.96799870657918        232.53652638689161     
