  4.99999988824129105E-003   247967.99870657918       1.95020323218052892E-041
  9.99999977648258209E-003   123983.99935328959       3.40961930190342321E-041
  1.49999996647238731E-002   82655.999568859726       5.95199907738332880E-041
  1.99999995529651642E-002   61991.999676644795       1.03741079963208779E-040
  2.49999994412064552E-002   49593.599741315833       1.80538412598164368E-040
  2.99999993294477463E-002   41327.999784429863       3.13703540055129239E-040
  3.49999992176890373E-002   35423.999815225594       5.44252164507782835E-040
  3.99999991059303284E-002   30995.999838322397       9.42783244501856425E-040
  4.49999989941716194E-002   27551.999856286577       1.63062648249290578E-039
  4.99999988824129105E-002   24796.799870657916       2.81597031524735705E-039
  5.49999987706542015E-002   22542.545336961743       4.85548479723451646E-039
  5.99999986588954926E-002   20663.999892214932       8.35926455842818698E-039
  6.49999985471367836E-002   19074.461438967628       1.43692627791126645E-038
  6.99999984353780746E-002   17711.999907612797       2.46622019163975238E-038
  7.49999983236193657E-002   16531.199913771947       4.22629839086726015E-038
  7.99999982118606567E-002   15497.999919161199       7.23135044909431516E-038
  8.49999981001019478E-002   14586.352865092893       1.23540571727609274E-037
  8.99999979883432388E-002   13775.999928143288       2.10732126642345605E-037
  9.49999978765845299E-002   13050.947300346272       3.58907751648410467E-037
  9.99999977648258209E-002   12398.399935328958       6.10331622024809824E-037
  0.10499999765306711        11807.999938408533       1.03628652432423721E-036
  0.10999999754130840        11271.272668480871       1.75680991893944281E-036
  0.11499999742954969        10781.217335068661       2.97372390571038711E-036
  0.11999999731779099        10331.999946107466       5.02582611590767381E-036
  0.12499999720603228        9918.7199482631677       8.48096397813061835E-036
  0.12999999709427357        9537.2307194838140       1.42893977032145362E-035
  0.13499999698251486        9183.9999520955243       2.40388437202028857E-035
  0.13999999687075615        8855.9999538063985       4.03779410521786683E-035
  0.14499999675899744        8550.6206450544541       6.77182475288655201E-035
  0.14999999664723873        8265.5999568859734       1.13396120471873520E-034
  0.15499999653548002        7998.9677002122316       1.89592707243980516E-034
  0.15999999642372131        7748.9999595805994       3.16501669093264835E-034
  0.16499999631196260        7514.1817789872475       5.27547205089629565E-034
  0.16999999620020390        7293.1764325464464       8.77965789437461340E-034
  0.17499999608844519        7084.7999630451195       1.45889758717152007E-033
  0.17999999597668648        6887.9999640716442       2.42048816588362631E-033
  0.18499999586492777        6701.8378028805182       4.00970171721260207E-033
  0.18999999575316906        6525.4736501731359       6.63211601491011088E-033
  0.19499999564141035        6358.1538129892097       1.09527483151821086E-032
  0.19999999552965164        6199.1999676644791       1.80603036012512279E-032
  0.20499999541789293        6047.9999684531504       2.97343144969754560E-032
  0.20999999530613422        5903.9999692042666       4.88789378199408865E-032
  0.21499999519437551        5766.6976443390504       8.02262576890160878E-032
  0.21999999508261681        5635.6363342404356       1.31474719769186486E-031
  0.22499999497085810        5510.3999712573150       2.15128980313412338E-031
  0.22999999485909939        5390.6086675343304       3.51468597902459041E-031
  0.23499999474734068        5275.9148660974297       5.73330550607217330E-031
  0.23999999463558197        5165.9999730537329       9.33801538148643457E-031
  0.24499999452382326        5060.5714021750855       1.51857075152165912E-030
  0.24999999441206455        4959.3599741315838       2.46573512619410592E-030
  0.25499999430030584        4862.1176216976310       3.99750263306134638E-030
  0.25999999418854713        4768.6153597419070       6.47086054221729725E-030
  0.26499999407678843        4678.6414850297961       1.04584245369077492E-029
  0.26999999396502972        4591.9999760477622       1.68772405061132509E-029
  0.27499999385327101        4508.5090673923487       2.71936533257417156E-029
  0.27999999374151230        4427.9999769031992       4.37486463065962196E-029
  0.28499999362975359        4350.3157667820906       7.02736687778723423E-029
  0.28999999351799488        4275.3103225272271       1.12707179202087373E-028
  0.29499999340623617        4202.8474357047317       1.80485151771906448E-028
  0.29999999329447746        4132.7999784429867       2.88577404298464249E-028
  0.30499999318271875        4065.0491591242489       4.60695650098109256E-028
  0.30999999307096004        3999.4838501061158       7.34339426271444748E-028
  0.31499999295920134        3935.9999794695109       1.16872013254153849E-027
  0.31999999284744263        3874.4999797902997       1.85718492608676452E-027
  0.32499999273568392        3814.8922877935256       2.94666469711234335E-027
  0.32999999262392521        3757.0908894936238       4.66806866021662308E-027
  0.33499999251216650        3701.0149060683461       7.38371109755331469E-027
  0.33999999240040779        3646.5882162732232       1.16611961734380286E-026
  0.34499999228864908        3593.7391116895533       1.83883369166700214E-026
  0.34999999217689037        3542.3999815225598       2.89516119197974825E-026
  0.35499999206513166        3492.5070240363266       4.55128456422457776E-026
  0.35999999195337296        3443.9999820358221       7.14374883477694132E-026
  0.36499999184161425        3396.8219000901258       1.11956498935343769E-025
  0.36999999172985554        3350.9189014402591       1.75187609337164579E-025
  0.37499999161809683        3306.2399827543891       2.73708578183752242E-025
  0.37999999150633812        3262.7368250865679       4.26976896709417798E-025
  0.38499999139457941        3220.3636195659633       6.65045393215540109E-025
  0.38999999128282070        3179.0769064946048       1.03425861645346955E-024
  0.39499999117106199        3138.8354266655592       1.60597193386682481E-024
  0.39999999105930328        3099.5999838322396       2.48987589090616114E-024
  0.40499999094754457        3061.3333173651749       3.85432555111434896E-024
  0.40999999083578587        3023.9999842265752       5.95730771340497464E-024
  0.41499999072402716        2987.5662494768576       9.19353678024411457E-024
  0.41999999061226845        2951.9999846021333       1.41659644529119898E-023
  0.42499999050050974        2917.2705730185785       2.17941844801984603E-023
  0.42999999038875103        2883.3488221695252       3.34785039923181796E-023
  0.43499999027699232        2850.2068816848182       5.13478671143106433E-023
  0.43999999016523361        2817.8181671202178       7.86338825360916793E-023
  0.44499999005347490        2786.1572888379683       1.20234188212777101E-022
  0.44999998994171619        2755.1999856286575       1.83559631355702832E-022
  0.45499998982995749        2724.9230627096613       2.79806193537751627E-022
  0.45999998971819878        2695.3043337671652       4.25861535097058930E-022
  0.46499998960644007        2666.3225667374104       6.47158191002728910E-022
  0.46999998949468136        2637.9574330487148       9.81936570162384106E-022
  0.47499998938292265        2610.1894600692544       1.48760408518628134E-021
  0.47999998927116394        2582.9999865268665       2.25020577634451550E-021
  0.48499998915940523        2556.3711206863832       3.39850609647250668E-021
  0.48999998904764652        2530.2857010875427       5.12489316875135180E-021
  0.49499998893588781        2504.7272596624161       7.71636078681859235E-021
  0.49999998882412910        2479.6799870657919       1.16003523109245719E-020
  0.50499998871237040        2455.1287000651405       1.74124859265979810E-020
  0.50999998860061169        2431.0588108488155       2.60964434036653459E-020
  0.51499998848885298        2407.4562981221279       3.90510587122250282E-020
  0.51999998837709427        2384.3076798709535       5.83465588556919882E-020
  0.52499998826533556        2361.5999876817064       8.70419531465238372E-020
  0.52999998815357685        2339.3207425148980       1.29650128968842276E-019
  0.53499998804181814        2317.4579318371884       1.92818288586905551E-019
  0.53999998793005943        2295.9999880238811       2.86321815942253408E-019
  0.54499998781830072        2274.9357679502677       4.24513593076315958E-019
  0.54999998770654202        2254.2545336961743       6.28434049270715081E-019
  0.55499998759478331        2233.9459342935061       9.28878176209663721E-019
  0.55999998748302460        2213.9999884515996       1.37084627532483401E-018
  0.56499998737126589        2194.4070681998160       2.01999222889637839E-018
  0.56999998725950718        2175.1578833910453       2.97195059979579594E-018
  0.57499998714774847        2156.2434670137318       4.36580585607028604E-018
  0.57999998703598976        2137.6551612636135       6.40351154956606780E-018
  0.58499998692423105        2119.3846043297367       9.37784219774007823E-018
  0.58999998681247234        2101.4237178523658       1.37125615249689284E-017
  0.59499998670071363        2083.7646950132703       2.00200520868236327E-017
  0.59999998658895493        2066.3999892214933       2.91838619464517004E-017
  0.60499998647719622        2049.3223033601585       4.24767486564969597E-017
  0.60999998636543751        2032.5245795621245       6.17292096324515861E-017
  0.61499998625367880        2015.9999894843836       8.95696983010688968E-017
  0.61999998614192009        1999.7419250530579       1.29766458296308771E-016
  0.62499998603016138        1983.7439896526334       1.87713167096257729E-016
  0.62999998591840267        1967.9999897347554       2.71117760203327335E-016
  0.63499998580664396        1952.5039268234582       3.90977840995296377E-016
  0.63999998569488525        1937.2499898951498       5.62959646682049696E-016
  0.64499998558312654        1922.2325481130169       8.09344336646861486E-016
  0.64999998547136784        1907.4461438967628       1.16177049863112463E-015
  0.65499998535960913        1892.8854863097647       1.66509225699822825E-015
  0.65999998524785042        1878.5454447468119       2.38279787308433646E-015
  0.66499998513609171        1864.4210429066104       3.40460750037845481E-015
  0.66999998502433300        1850.5074530341731       4.85710894321594526E-015
  0.67499998491257429        1836.7999904191051       6.91862167384368699E-015
  0.67999998480081558        1823.2941081366116       9.83993584054101133E-015
  0.68499998468905687        1809.9853920188261       1.39732006586405692E-014
  0.68999998457729816        1796.8695558447766       1.98120981097276053E-014
  0.69499998446553946        1783.9424367379797       2.80476183673875915E-014
  0.69999998435378075        1771.1999907612799       3.96453680861530846E-014
  0.70499998424202204        1758.6382886991430       5.59525474994564777E-014
  0.70999998413026333        1746.2535120181633       7.88457375533260888E-014
  0.71499998401850462        1734.0419489970573       1.10934727498056800E-013
  0.71999998390674591        1721.9999910179110       1.55843167646259478E-013
  0.72499998379498720        1710.1241290108908       2.18594363047478126E-013
  0.72999998368322849        1698.4109500450629       3.06140717183502993E-013
  0.73499998357146978        1686.8571340583617       4.28089107301374413E-013
  0.73999998345971107        1675.4594507201296       5.97693048567761200E-013
  0.74499998334795237        1664.2147564199945       8.33207513583993454E-013
  0.74999998323619366        1653.1199913771945       1.15973588571104170E-012
  0.75499998312443495        1642.1721768647628       1.61174361803821777E-012
  0.75999998301267624        1631.3684125432840       2.23647355914099452E-012
  0.76499998290091753        1620.7058738992102       3.09857863651611827E-012
  0.76999998278915882        1610.1818097829816       4.28639531740093700E-012
  0.77499998267740011        1599.7935400424462       5.92042476725723107E-012
  0.77999998256564140        1589.5384532473024       8.16477943452902811E-012
  0.78499998245388269        1579.4140045005042       1.12426060472920385E-011
  0.78999998234212399        1569.4177133327796       1.54568315475996630E-011
  0.79499998223036528        1559.5471616765985       2.12180222460869795E-011
  0.79999998211860657        1549.7999919161198       2.90817322953178052E-011
  0.80499998200684786        1540.1739050098085       3.97984895344944571E-011
  0.80999998189508915        1530.6666586825875       5.43805821513876849E-011
  0.81499998178333044        1521.2760656845348       7.41911427842209531E-011
  0.81999998167157173        1511.9999921132876       1.01062773916949228E-010
  0.82499998155981302        1502.8363557974496       1.37455244124947238E-010
  0.82999998144805431        1493.7831247384288       1.86664769388315710E-010
  0.83499998133629560        1484.8383156082587       2.53101283902449015E-010
  0.83999998122453690        1475.9999923010666       3.42655166012515395E-010
  0.84499998111277819        1467.2662645359715       4.63181457430026803E-010
  0.84999998100101948        1458.6352865092892       6.25138133301071255E-010
  0.85499998088926077        1450.1052555940303       8.42426003240667119E-010
  0.85999998077750206        1441.6744110847626       1.13349205811768316E-009
  0.86499998066574335        1433.3410329860069       1.52277642601760843E-009
  0.86999998055398464        1425.1034408424091       2.04260670827055297E-009
  0.87499998044222593        1416.9599926090239       2.73567378306770995E-009
  0.87999998033046722        1408.9090835601089       3.65826202365321675E-009
  0.88499998021870852        1400.9491452349107       4.88445659384979474E-009
  0.88999998010694981        1393.0786444189841       6.51161396860268486E-009
  0.89499997999519110        1385.2960821596603       8.66746274119828069E-009
  0.89999997988343239        1377.5999928143287       1.15193047107635454E-008
  0.90499997977167368        1369.9889431302718       1.52859169353230676E-008
  0.90999997965991497        1362.4615313548306       2.02529210560832201E-008
  0.91499997954815626        1355.0163863747496       2.67925956797786755E-008
  0.91999997943639755        1347.6521668835826       3.53893720527697684E-008
  0.92499997932463884        1340.3675605761036       4.66725864498325804E-008
  0.92999997921288013        1333.1612833687052       6.14584816865754772E-008
  0.93499997910112143        1326.0320786448085       8.08039760129462161E-008
  0.93999997898936272        1318.9787165243574       1.06075376320105334E-007
  0.94499997887760401        1311.9999931565037       1.39036036023801599E-007
  0.94999997876584530        1305.0947300346272       1.81957985353606761E-007
  0.95499997865408659        1298.2617733328752       2.37763841045892288E-007
  0.95999997854232788        1291.4999932634332       3.10206892201996313E-007
  0.96499997843056917        1284.8082834537781       4.04099230740694351E-007
  0.96999997831881046        1278.1855603431916       5.25600235274462498E-007
  0.97499997820705175        1271.6307625978420       6.82580731704366255E-007
  0.97999997809529305        1265.1428505437714       8.85081869838468582E-007
  0.98499997798353434        1258.7208056171532       1.14589232681187708E-006
  0.98999997787177563        1252.3636298312081       1.48127306041869306E-006
  0.99499997776001692        1246.0703452591918       1.91186571142734812E-006
  0.99999997764825821        1239.8399935328960       2.46382916056525635E-006
   1.0049999775364995        1233.6716353561153       3.17025900240332246E-006
   1.0099999774247408        1227.5643500325702       4.07295718564416667E-006
   1.0149999773129821        1221.5172350077792       5.22463424034084990E-006
   1.0199999772012234        1215.5294054244077       6.69164490490211705E-006
   1.0249999770894647        1209.5999936906301       8.55738021557460378E-006
   1.0299999769777060        1203.7281490610640       1.09264659793840514E-005
   1.0349999768659472        1197.9130372298512       1.39299499022847210E-005
   1.0399999767541885        1192.1538399354768       1.77316985253206651E-005
   1.0449999766424298        1186.4497545769339       2.25362717479291272E-005
   1.0499999765306711        1180.7999938408532       2.85985985074748050E-005
   1.0549999764189124        1175.2037853392378       3.62358437886962437E-005
   1.0599999763071537        1169.6603712574490       4.58419364721205226E-005
   1.0649999761953950        1164.1690080121089       5.79053218138162455E-005
   1.0699999760836363        1158.7289659185942       7.30306141376830474E-005
   1.0749999759718776        1153.3395288678100       9.19649575567447005E-005
   1.0799999758601189        1147.9999940119405       1.15630058592430498E-004
   1.0849999757483602        1142.7096714588902       1.45161038281243289E-004
   1.0899999756366014        1137.4678839751339       1.81953467130272205E-004
   1.0949999755248427        1132.2739666967086       2.27720199079677407E-004
   1.0999999754130840        1127.1272668480872       2.84559916072412084E-004
   1.1049999753013253        1122.0271434686840       3.55039639247967630E-004
   1.1099999751895666        1116.9729671467530       4.42293863266145161E-004
   1.1149999750778079        1111.9641197604446       5.50143434757252125E-004
   1.1199999749660492        1106.9999942257998       6.83237833204228652E-004
   1.1249999748542905        1102.0799942514629       8.47225132452662181E-004
   1.1299999747425318        1097.2035340999080       1.04895463427334169E-003
   1.1349999746307731        1092.3700383549744       1.29671798376258265E-003
   1.1399999745190144        1087.5789416955226       1.60053551271834016E-003
   1.1449999744072556        1082.8296886750184       1.97249562541873449E-003
   1.1499999742954969        1078.1217335068659       2.42715625647819131E-003
   1.1549999741837382        1073.4545398553212       2.98201880874507082E-003
   1.1599999740719795        1068.8275806318068       3.65808653761608626E-003
   1.1649999739602208        1064.2403377964772       4.48052110467748402E-003
   1.1699999738484621        1059.6923021648684       5.47941299703385253E-003
   1.1749999737367034        1055.1829732194858       6.69068371846830937E-003
   1.1799999736249447        1050.7118589261829       8.15714012451061211E-003
   1.1849999735131860        1046.2784755551863       9.92970401551213945E-003
   1.1899999734014273        1041.8823475066351       1.20688431396519941E-002
   1.1949999732896686        1037.5230071404987       1.46462331104997619E-002
   1.1999999731779099        1033.1999946107467       1.77466834292639777E-002
   1.2049999730661511        1028.9128577036481       2.14703648363623635E-002
   1.2099999729543924        1024.6611516800792       2.59353796142517100E-002
   1.2149999728426337        1020.4444391217251       3.12807212341584540E-002
   1.2199999727308750        1016.2622897810622       3.76696748900023567E-002
   1.2249999726191163        1012.1142804350170       4.52937159948947066E-002
   1.2299999725073576        1007.9999947421918       5.43769696244864528E-002
   1.2349999723955989        1003.9190231035594       6.51813001651587315E-002
   1.2399999722838402        999.87096252652896       7.80121070430058322E-002
   1.2449999721720815        995.85541649228583       9.32249093411544744E-002
   1.2499999720603228        991.87199482631672       0.11123280931613565     
   1.2549999719485641        987.92031357202859       0.13251493224372612     
   1.2599999718368053        983.99999486737772       0.15762594759129192     
   1.2649999717250466        980.11066682442367       0.18720678414146974     
   1.2699999716132879        976.25196341172909       0.22199665927753107     
   1.2749999715015292        972.42352433952624       0.26284655006135316     
   1.2799999713897705        968.62499494757492       0.31073424084723772     
   1.2849999712780118        964.85602609563887       0.36678108881363952     
   1.2899999711662531        961.11627405650847       0.43227065477202820     
   1.2949999710544944        957.40540041150257       0.50866935171553462     
   1.2999999709427357        953.72307194838140       0.59764926756353531     
   1.3049999708309770        950.06896056160610       0.70111332118119729     
   1.3099999707192183        946.44274315488235       0.82122291172068607     
   1.3149999706074595        942.84410154592842       0.96042822033565201     
   1.3199999704957008        939.27272237340594        1.1215013200337207     
   1.3249999703839421        935.72829700595912        1.3075722435048263     
   1.3299999702721834        932.21052145330520        1.5221681498322792     
   1.3349999701604247        928.71909627932280        1.7692557186819959     
   1.3399999700486660        925.25372651708653        2.0532868844899750     
   1.3449999699369073        921.81412158579622        2.3792480029437373     
   1.3499999698251486        918.39999520955257        2.7527125173007798     
   1.3549999697133899        915.01106533793052        3.1798971624397310     
   1.3599999696016312        911.64705406830581        3.6677217096540069     
   1.3649999694898725        908.30768756988709        4.2238722147616254     
   1.3699999693781137        904.99269600941307        4.8568676858494619     
   1.3749999692663550        901.70181347846972        5.5761300346822003     
   1.3799999691545963        898.43477792238832        6.3920571173384646     
   1.3849999690428376        895.19133107068296        7.3160986049239884     
   1.3899999689310789        891.97121836898987        8.3608343542815486     
   1.3949999688193202        888.77418891247021        9.5400548716071469     
   1.3999999687075615        885.59999538063994        10.868843379048906     
   1.4049999685958028        882.44839397359135        12.363658906103421     
   1.4099999684840441        879.31914434957150        14.042419734475445     
   1.4149999683722854        876.21200956388407        15.924586427732025     
   1.4199999682605267        873.12675600908165        18.031243576433919     
   1.4249999681487679        870.06315335641818        20.385179286514411     
   1.4299999680370092        867.02097449852863        23.010961334735725     
   1.4349999679252505        863.99999549330721        25.935008811506449     
   1.4399999678134918        860.99999550895552        29.185657969804996     
   1.4449999677017331        858.02075677017012        32.793220901217040     
   1.4499999675899744        855.06206450544539        36.790035568137476     
   1.4549999674782157        852.12370689546105        41.210505637145523     
   1.4599999673664570        849.20547502253146        46.091128484728948     
   1.4649999672546983        846.30716282108938        51.470509685321723     
   1.4699999671429396        843.42856702918084        57.389362245554153     
   1.4749999670311809        840.56948714094642        63.890488820272637     
   1.4799999669194221        837.72972536006478        71.018745137898819     
   1.4849999668076634        834.90908655413864        78.820982877664520     
   1.4899999666959047        832.10737820999725        87.345970281736939     
   1.4949999665841460        829.32441038989691        96.644288853682596     
   1.4999999664723873        826.55999568859727        106.76820459338657     
   1.5049999663606286        823.81394919129298        117.77151234951081     
   1.5099999662488699        821.08608843238142        129.70935203561265     
   1.5149999661371112        818.37623335504679        142.63799565659619     
   1.5199999660253525        815.68420627164198        156.61460432925890     
   1.5249999659135938        813.00983182484981        171.69695475488857     
   1.5299999658018351        810.35293694960512        187.94313491320713     
   1.5349999656900764        807.71335083576275        205.41120909490670     
   1.5399999655783176        805.09090489149082        224.15885277341383     
   1.5449999654665589        802.48543270737594        244.24295823352517     
   1.5499999653548002        799.89677002122312        265.71921232263560     
   1.5549999652430415        797.32475468353437        288.64164816616767     
   1.5599999651312828        794.76922662365121        313.06217318851873     
   1.5649999650195241        792.23002781654691        339.03007629959905     
   1.5699999649077654        789.70700225025212        366.59151763939809     
   1.5749999647960067        787.19999589390216        395.78900481279771     
   1.5799999646842480        784.70885666638981        426.66086008722232     
   1.5849999645724893        782.23343440561257        459.24068355924828     
   1.5899999644607306        779.77358083829927        493.55681781502642     
   1.5949999643489718        777.32914955040496        529.63182010489083     
   1.5999999642372131        774.89999595805989        567.48194851609844     
   1.6049999641254544        772.48597727906281        607.11666905028903     
   1.6099999640136957        770.08695250490427        648.53819088491832     
   1.6149999639019370        767.70278237331013        691.74103741152635     
   1.6199999637901783        765.33332934129373        736.71166088947257     
   1.6249999636784196        762.97845755870514        783.42810872311679     
   1.6299999635666609        760.63803284226742        831.85974945536134     
   1.6349999634549022        758.31192265008929        881.96706656360448     
   1.6399999633431435        755.99999605664379        933.70152803886492     
   1.6449999632313848        753.70212372820424        987.00553951954635     
   1.6499999631196260        751.41817789872482        1041.8124884333345     
   1.6549999630078673        749.14803234616068        1098.0468861708346     
   1.6599999628961086        746.89156236921440        1155.6246147705806     
   1.6649999627843499        744.64864476450202        1214.4532839364797     
   1.6699999626725912        742.41915780412933        1274.4327034363430     
   1.6749999625608325        740.20298121366920        1335.4554750463949     
   1.6799999624490738        737.99999615053332        1397.4077072154755     
   1.6849999623373151        735.81008518272756        1460.1698545296224     
   1.6899999622255564        733.63313226798573        1523.6176828700170     
   1.6949999621137977        731.46902273327191        1587.6233598834797     
   1.6999999620020390        729.31764325464462        1652.0566690349754     
   1.7049999618902802        727.17888183747561        1716.7863440973779     
   1.7099999617785215        725.05262779701513        1781.6815194677588     
   1.7149999616667628        722.93877173929786        1846.6132901956009     
   1.7199999615550041        720.83720554238130        1911.4563740812941     
   1.7249999614432454        718.74782233791063        1976.0908666688338     
   1.7299999613314867        716.67051649300345        2040.4040784308670     
   1.7349999612197280        714.60518359244725        2104.2924419439928     
   1.7399999611079693        712.55172042120455        2167.6634753943549     
   1.7449999609962106        710.51002494721831        2230.4377873552057     
   1.7499999608844519        708.47999630451193        2292.5511064561324     
   1.7549999607726932        706.46153477657890        2353.9563183347427     
   1.7599999606609344        704.45454178005446        2414.6254911420137     
   1.7649999605491757        702.45891984866626        2474.5518698777264     
   1.7699999604374170        700.47457261745535        2533.7518189775610     
   1.7749999603256583        698.50140480726532        2592.2666918721466     
   1.7799999602138996        696.53932220949207        2650.1646057040898     
   1.7849999601021409        694.58823167109017        2707.5420990333296     
   1.7899999599903822        692.64804107983014        2764.5256501951776     
   1.7949999598786235        690.71865934980269        2821.2730340084713     
   1.7999999597668648        688.79999640716437        2877.9744947719082     
   1.8049999596551061        686.89196317611959        2934.8537139416540     
   1.8099999595433474        684.99447156513588        2992.1685515585450     
   1.8149999594315886        683.10743445338619        3050.2115413928104     
   1.8199999593198299        681.23076567741532        3109.3101209010615     
   1.8249999592080712        679.36438001802514        3169.8265784457581     
   1.8299999590963125        677.50819318737479        3232.1577018112571     
   1.8349999589845538        675.66212181629203        3296.7341138612778     
   1.8399999588727951        673.82608344179130        3364.0192832166640     
   1.8449999587610364        671.99999649479457        3434.5082000847801     
   1.8499999586492777        670.18378028805182        3508.7257098357381     
   1.8549999585375190        668.37735500425651        3587.2244995871065     
   1.8599999584257603        666.58064168435260        3670.5827359168347     
   1.8649999583140016        664.79356221602995        3759.4013548608636     
   1.8699999582022429        663.01603932240425        3854.3010085515293     
   1.8749999580904841        661.24799655087782        3955.9186761977821     
   1.8799999579787254        659.48935826217871        4064.9039505774049     
   1.8849999578669667        657.74004961957337        4181.9150147818218     
   1.8899999577552080        655.99999657825185        4307.6143275989934     
   1.8949999576434493        654.26912587487914        4442.6640396105249     
   1.8999999575316906        652.54736501731361        4587.7211657826438     
   1.9049999574199319        650.83464227448599        4743.4325440122539     
   1.9099999573081732        649.13088666643762        4910.4296127103189     
   1.9149999571964145        647.43602795451488        5089.3230440244033     
   1.9199999570846558        645.74999663171661        5280.6972726765107     
   1.9249999569728971        644.07272391319270        5485.1049635755262     
   1.9299999568611383        642.40414172688907        5703.0614643073477     
   1.9349999567493796        640.74418270433898        5935.0392912610860     
   1.9399999566376209        639.09278017159579        6181.4627004657132     
   1.9449999565258622        637.44986814030642        6442.7023961379764     
   1.9499999564141035        635.81538129892101        6719.0704314289342     
   1.9549999563023448        634.18925500403884        7010.8153568541520     
   1.9599999561905861        632.57142527188569        7318.1176723551298     
   1.9649999560788274        630.96182876992157        7641.0856388230632     
   1.9699999559670687        629.36040280857662        7979.7515041815832     
   1.9749999558553100        627.76708533311182        8334.0681977385266     
   1.9799999557435513        626.18181491560404        8703.9065444501521     
   1.9849999556317925        624.60453074705083        9089.0530479743629     
   1.9899999555200338        623.03517262959588        9489.2082879096979     
   1.9949999554082751        621.47368096887010        9903.9859724215330     
   1.9999999552965164        619.91999676644798        10332.912682552955     
   2.0049999551847577        618.37406161241688        10775.428338922406     
   2.0099999550729990        616.83581767805765        11230.887415253337     
   2.0149999549612403        615.30520770863325        11698.560916302569     
   2.0199999548494816        613.78217501628512        12177.639130306952     
   2.0249999547377229        612.26666347303501        12667.235158116884     
   2.0299999546259642        610.75861750388958        13166.389212805900     
   2.0349999545142055        609.25798208004710        13674.073674826279     
   2.0399999544024467        607.76470271220387        14189.198878818559     
   2.0449999542906880        606.27872544395882        14710.619599086271     
   2.0499999541789293        604.79999684531504        15237.142191631805     
   2.0549999540671706        603.32846400627534        15767.532341638434     
   2.0599999539554119        601.86407453053198        16300.523356505188     
   2.0649999538436532        600.40677652924740        16834.824936128203     
   2.0699999537318945        598.95651861492559        17369.132344206933     
   2.0749999536201358        597.51324989537147        17902.135897070242     
   2.0799999535083771        596.07691996773838        18432.530679995278     
   2.0849999533966184        594.64747891265995        18959.026395356308     
   2.0899999532848597        593.22487728846693        19480.357242309146     
   2.0949999531731009        591.80906612548733        19995.291724196606     
   2.0999999530613422        590.39999692042659        20502.642277547897     
   2.1049999529495835        588.99762163082937        21001.274615520091     
   2.1099999528378248        587.60189266961891        21490.116678959919     
   2.1149999527260661        586.21276289971433        21968.167089994004     
   2.1199999526143074        584.83018562872451        22434.503006214880     
   2.1249999525025487        583.45411460371577        22888.287278124644     
   2.1299999523907900        582.08450400605443        23328.774818513066     
   2.1349999522790313        580.72130844632125        23755.318099845885     
   2.1399999521672726        579.36448295929711        24167.371704461646     
   2.1449999520555139        578.01398299901905        24564.495862340878     
   2.1499999519437551        576.66976443390502        24946.358922314914     
   2.1549999518319964        575.33178354194706        25312.738714700306     
   2.1599999517202377        573.99999700597027        25663.522776334525     
   2.1649999516084790        572.67436190895887        25998.707422687545     
   2.1699999514967203        571.35483572944509        26318.395665957618     
   2.1749999513849616        570.04137633696359        26622.793992636321     
   2.1799999512732029        568.73394198756694        26912.208028749101     
   2.1849999511614442        567.43249131940320        27187.037135637016     
   2.1899999510496855        566.13698334835431        27447.767993530259     
   2.1949999509379268        564.84737746373389        27694.967244063944     
   2.1999999508261681        563.56363342404359        27929.273276093005     
   2.2049999507144094        562.28571135278730        28151.387251471493     
   2.2099999506026506        561.01357173434201        28362.063478679902     
   2.2149999504908919        559.74717540988524        28562.099252132462     
   2.2199999503791332        558.48648357337652        28752.324283508759     
   2.2249999502673745        557.23145776759361        28933.589858386731     
   2.2299999501556158        555.98205988022232        29106.757856682249     
   2.2349999500438571        554.73825213999817        29272.689778825152     
   2.2399999499320984        553.49999711289991        29432.235921147701     
   2.2449999498203397        552.26725769839459        29586.224843583735     
   2.2499999497085810        551.03999712573147        29735.453270455786     
   2.2549999495968223        549.81817895028644        29880.676560875876     
   2.2599999494850636        548.60176704995399        30022.599879141486     
   2.2649999493733048        547.39072562158765        30161.870187542481     
   2.2699999492615461        546.18501917748722        30299.069174303098     
   2.2749999491497874        544.98461254193228        30434.707218088977     
   2.2799999490380287        543.78947084776132        30569.218477761107     
   2.2849999489262700        542.59955953299607        30702.957182026243     
   2.2899999488145113        541.41484433750918        30836.195178508042     
   2.2949999487027526        540.23529129973679        30969.120785750340     
   2.2999999485909939        539.06086675343295        31101.838974984890     
   2.3049999484792352        537.89153732446675        31234.372891380826     
   2.3099999483674765        536.72726992766059        31366.666707177221     
   2.3149999482557178        535.56803176366998        31498.589781823026     
   2.3199999481439590        534.41379031590338        31629.942087247153     
   2.3249999480322003        533.26451334748208        31760.460839886106     
   2.3299999479204416        532.12016889823860        31889.828265332038     
   2.3349999478086829        530.98072528175408        32017.680406637570     
   2.3399999476969242        529.84615108243418        32143.616873621617     
   2.3449999475851655        528.71641515262081        32267.211418136478     
   2.3499999474734068        527.59148660974290        32388.023209334919     
   2.3549999473616481        526.47133483350149        32505.608673646551     
   2.3599999472498894        525.35592946309146        32619.533756540466     
   2.3649999471381307        524.24524039445919        32729.386457294004     
   2.3699999470263720        523.13923777759317        32834.789483955283     
   2.3749999469146132        522.03789201385086        32935.412873504538     
   2.3799999468028545        520.94117375331757        33030.986421880807     
   2.3849999466910958        519.84905389219955        33121.311770015367     
   2.3899999465793371        518.76150357024937        33206.273995247066     
   2.3949999464675784        517.67849416822378        33285.852562406297     
   2.3999999463558197        516.59999730537334        33360.131495344525     
   2.4049999462440610        515.52598483696295        33429.308637634531     
   2.4099999461323023        514.45642885182406        33493.703880438683     
   2.4149999460205436        513.39130166993618        33553.766245990366     
   2.4199999459087849        512.33057584003961        33610.079726597331     
   2.4249999457970262        511.27422413727663        33663.367791394543     
   2.4299999456852674        510.22221956086253        33714.496486076343     
   2.4349999455735087        509.17453533178474        33764.476064360628     
   2.4399999454617500        508.13114489053112        33814.461103814101     
   2.4449999453499913        507.09202189484495        33865.749072739694     
   2.4499999452382326        506.05714021750850        33919.777328949895     
   2.4549999451264739        505.02647394415311        33978.118545277401     
   2.4599999450147152        503.99999737109590        34042.474570489307     
   2.4649999449029565        502.97768500320319        34114.668747757649     
   2.4699999447911978        501.95951155177971        34196.636725900134     
   2.4749999446794391        500.94545193248319        34290.415811165702     
   2.4799999445676804        499.93548126326448        34398.132919328084     
   2.4849999444559216        498.92957486233234        34521.991199223863     
   2.4899999443441629        497.92770824614291        34664.255409588652     
   2.4949999442324042        496.92985712741319        34827.236141089110     
   2.4999999441206455        495.93599741315836        35013.272984803043     
   2.5049999440088868        494.94610520275285        35224.716757067406     
   2.5099999438971281        493.96015678601429        35463.910898595801     
   2.5149999437853694        492.97812864131049        35733.172173077146     
   2.5199999436736107        491.99999743368886        36034.770797111094     
   2.5249999435618520        491.02574001302810        36370.910139331980     
   2.5299999434500933        490.05533341221184        36743.706131922416     
   2.5349999433383346        489.08875484532382        37155.166542430059     
   2.5399999432265759        488.12598170586455        37607.170257868092     
   2.5449999431148171        487.16699156498856        38101.446736490725     
   2.5499999430030584        486.21176216976312        38639.555785368349     
   2.5549999428912997        485.26027144144655        39222.867823906498     
   2.5599999427795410        484.31249747378746        39852.544794718298     
   2.5649999426677823        483.36841853134342        40529.521883712761     
   2.5699999425560236        482.42801304781943        41254.490210839467     
   2.5749999424442649        481.49125962442560        42027.880651557229     
   2.5799999423325062        480.55813702825424        42849.848946693390     
   2.5849999422207475        479.62862419067540        43720.262254842899     
   2.5899999421089888        478.70270020575128        44638.687296738863     
   2.5949999419972301        477.78034432866895        45604.380235022021     
   2.5999999418854713        476.86153597419070        46616.278425468226     
   2.6049999417737126        475.94625471512319        47672.994166924240     
   2.6099999416619539        475.03448028080305        48772.810566901484     
   2.6149999415501952        474.12619255560071        49913.679627935206     
   2.6199999414384365        473.22137157744118        51093.222646414579     
   2.6249999413266778        472.31999753634130        52308.733000625885     
   2.6299999412149191        471.42205077296421        53557.181388252517     
   2.6349999411031604        470.52751177719011        54835.223555599201     
   2.6399999409914017        469.63636118670297        56139.210541436260     
   2.6449999408796430        468.74857978559390        57465.201437714502     
   2.6499999407678843        467.86414850297956        58808.978647629840     
   2.6549999406561255        466.98304841163690        60166.065598805202     
   2.6599999405443668        466.10526072665260        61531.746845916932     
   2.6649999404326081        465.23076680408849        62901.090473171484     
   2.6699999403208494        464.35954813966140        64268.972682904154     
   2.6749999402090907        463.49158636743772        65630.104432521242     
   2.6799999400973320        462.62686325854327        66979.059958354192     
   2.6849999399855733        461.76536071988676        68310.307002066082     
   2.6899999398738146        460.90706079289811        69618.238533386320     
   2.6949999397620559        460.05194565228049        70897.205742487888     
   2.6999999396502972        459.19999760477629        72141.552056596207     
   2.7049999395385385        458.35119908794672        73345.647918762945     
   2.7099999394267797        457.50553266896526        74503.926052451687     
   2.7149999393150210        456.66298104342388        75610.916923961078     
   2.7199999392032623        455.82352703415290        76661.284106000123     
   2.7249999390915036        454.98715359005354        77649.859240161823     
   2.7299999389797449        454.15384378494355        78571.676293779965     
   2.7349999388679862        453.32358081641530        79422.004807847828     
   2.7399999387562275        452.49634800470653        80196.381837396257     
   2.7449999386444688        451.67212879158319        80890.642294007863     
   2.7499999385327101        450.85090673923486        81500.947411959729     
   2.7549999384209514        450.03266552918183        82023.811074753932     
   2.7599999383091927        449.21738896119416        82456.123757375448     
   2.7649999381974339        448.40506095222275        82795.173861322910     
   2.7699999380856752        447.59566553534148        83038.666244039865     
   2.7749999379739165        446.78918685870121        83184.737771539192     
   2.7799999378621578        445.98560918449493        83231.969752425503     
   2.7849999377503991        445.18491688793392        83179.397142802336     
   2.7899999376386404        444.38709445623510        83026.514444285727     
   2.7949999375268817        443.59212648761928        82773.278251109339     
   2.7999999374151230        442.79999769031997        82420.106436630012     
   2.8049999373033643        442.01069288160284        81967.874003972422     
   2.8099999371916056        441.22419698679568        81417.905659609634     
   2.8149999370798469        440.44049503832889        80771.965201908533     
   2.8199999369680882        439.65957217478575        80032.241848617836     
   2.8249999368563294        438.88141363996317        79201.333657519994     
   2.8299999367445707        438.10600478194203        78282.228222601727     
   2.8349999366328120        437.33333105216786        77278.280853759978     
   2.8399999365210533        436.56337800454082        76193.190470927453     
   2.8449999364092946        435.79613129451525        75030.973463291666     
   2.8499999362975359        435.03157667820909        73795.935780775719     
   2.8549999361857772        434.26970001152222        72492.643537965472     
   2.8599999360740185        433.51048724926432        71125.892420095319     
   2.8649999359622598        432.75392444429178        69700.676186478391     
   2.8699999358505011        431.99999774665361        68222.154568885060     
   2.8749999357387424        431.24869340274643        66695.620860884854     
   2.8799999356269836        430.49999775447776        65126.469489179857     
   2.8849999355152249        429.75389723843881        63520.163849621909     
   2.8899999354034662        429.01037838508506        61882.204679129769     
   2.8949999352917075        428.26942781792604        60218.099220342687     
   2.8999999351799488        427.53103225272270        58533.331418848240     
   2.9049999350681901        426.79517849669395        56833.333373513226     
   2.9099999349564314        426.06185344773053        55123.458239161730     
   2.9149999348446727        425.33104409361778        53408.954757938052     
   2.9199999347329140        424.60273751126573        51694.943571528231     
   2.9249999346211553        423.87692086594734        49986.395441363682     
   2.9299999345093966        423.15358141054469        48288.111478358675     
   2.9349999343976378        422.43270648480268        46604.705458007440     
   2.9399999342858791        421.71428351459042        44940.588271129978     
   2.9449999341741204        420.99830001117010        43299.954535542071     
   2.9499999340623617        420.28474357047321        41686.771369742382     
   2.9549999339506030        419.57360187238442        40104.769306639799     
   2.9599999338388443        418.86486268003239        38557.435303640705     
   2.9649999337270856        418.15851383908802        37048.007785298236     
   2.9699999336153269        417.45454327706932        35579.473636383249     
   2.9749999335035682        416.75293900265410        34154.567046817414     
   2.9799999333918095        416.05368910499863        32775.770095535307     
   2.9849999332800508        415.35678175306396        31445.314948090298     
   2.9899999331682920        414.66220519494846        30165.187532740616     
   2.9949999330565333        413.96994775722732        28937.132551859013     
   2.9999999329447746        413.27999784429863        27762.659679788929     
   3.0049999328330159        412.59234393773573        26643.050794673865     
   3.0099999327212572        411.90697459564649        25579.368090246920     
   3.0149999326094985        411.22387845203843        24572.462913989802     
   3.0199999324977398        410.54304421619071        23622.985180340114     
   3.0249999323859811        409.86446067203173        22731.393211613253     
   3.0299999322742224        409.18811667752340        21897.963864864512     
   3.0349999321624637        408.51400116405136        21122.802809893979     
   3.0399999320507050        407.84210313582099        20405.854831827688     
   3.0449999319389462        407.17241166925976        19746.914041024276     
   3.0499999318271875        406.50491591242491        19145.633883288363     
   3.0549999317154288        405.83960508441766        18601.536854347993     
   3.0599999316036701        405.17646847480256        18114.023834106345     
   3.0649999314919114        404.51549544303293        17682.382968141887     
   3.0699999313801527        403.85667541788138        17305.798036150161     
   3.0749999312683940        403.19999789687671        16983.356259339318     
   3.0799999311566353        402.54545244574541        16714.055511068880     
   3.0849999310448766        401.89302869785928        16496.810907120889     
   3.0899999309331179        401.24271635368797        16330.460763788755     
   3.0949999308213592        400.59450518025716        16213.771923344988     
   3.0999999307096004        399.94838501061156        16145.444457299538     
   3.1049999305978417        399.30434574328370        16124.115768086689     
   3.1099999304860830        398.66237734176718        16148.364119335958     
   3.1149999303743243        398.02246983399544        16216.711633612353     
   3.1199999302625656        397.38461331182560        16327.626804386755     
   3.1249999301508069        396.74879793052668        16479.526575959808     
   3.1299999300390482        396.11501390827345        16670.778051062771     
   3.1349999299272895        395.48325152564462        16899.699890856711     
   3.1399999298155308        394.85350112512606        17164.563476015905     
   3.1449999297037721        394.22575311061871        17463.593900488162     
   3.1499999295920134        393.59999794695108        17794.970871363068     
   3.1549999294802547        392.97622615939650        18156.829589040295     
   3.1599999293684959        392.35442833319490        18547.261681581294     
   3.1649999292567372        391.73459511307925        18964.316265758232     
   3.1699999291449785        391.11671720280629        19406.001204908789     
   3.1749999290332198        390.50078536469164        19870.284630293245     
   3.1799999289214611        389.88679041914963        20355.096788272265     
   3.1849999288097024        389.27472324423735        20858.332270330018     
   3.1899999286979437        388.66457477520248        21377.852676815590     
   3.1949999285861850        388.05633600403627        21911.489758336273     
   3.1999999284744263        387.44999797902994        22457.049071085174     
   3.2049999283626676        386.84555180433568        23012.314174109833     
   3.2099999282509089        386.24298863953140        23575.051387723684     
   3.2149999281391501        385.64229969919000        24143.015123029654     
   3.2199999280273914        385.04347625245214        24713.953782974742     
   3.2249999279156327        384.44650962260340        25285.616225604408     
   3.2299999278038740        383.85139118665506        25855.758770352662     
   3.2349999276921153        383.25811237492917        26422.152718416517     
   3.2399999275803566        382.66666467064687        26982.592348646845     
   3.2449999274685979        382.07703960952108        27534.903341070421     
   3.2499999273568392        381.48922877935257        28076.951571267338     
   3.2549999272450805        380.90322381963006        28606.652210487897     
   3.2599999271333218        380.31901642113371        29121.979058725530     
   3.2649999270215631        379.73659832554239        29620.974031080485     
   3.2699999269098043        379.15596132504464        30101.756711759412     
   3.2749999267980456        378.57709726195293        30562.533885056961     
   3.2799999266862869        377.99999802832190        31001.608948740795     
   3.2849999265745282        377.42465556556954        31417.391112486195     
   3.2899999264627695        376.85106186410212        31808.404282436724     
   3.2949999263510108        376.27920896294262        32173.295532650405     
   3.2999999262392521        375.70908894936241        32510.843065149169     
   3.3049999261274934        375.14069395851618        32819.963562537188     
   3.3099999260157347        374.57401617308034        33099.718840680995     
   3.3149999259039760        374.00904782289467        33349.321713726473     
   3.3199999257922173        373.44578118460720        33568.140989723164     
   3.3249999256804585        372.88420858132207        33755.705522272488     
   3.3299999255686998        372.32432238225101        33911.707251840598     
   3.3349999254569411        371.76611500236760        34036.003179580730     
   3.3399999253451824        371.20957890206466        34128.616226595317     
   3.3449999252334237        370.65470658681494        34189.734942406547     
   3.3499999251216650        370.10149060683460        34219.712037872589     
   3.3549999250099063        369.54992355674989        34219.061729739667     
   3.3599999248981476        368.99999807526666        34188.455896312284     
   3.3649999247863889        368.45170684484276        34128.719056203903     
   3.3699999246746302        367.90504259136378        34040.822194637265     
   3.3749999245628715        367.35999808382098        33925.875474149085     
   3.3799999244511127        366.81656613399286        33785.119878651851     
   3.3849999243393540        366.27473959612877        33619.917851477279     
   3.3899999242275953        365.73451136663596        33431.742999113747     
   3.3949999241158366        365.19587438376902        33222.168942724325     
   3.3999999240040779        364.65882162732231        32992.857409061595     
   3.4049999238923192        364.12334611832478        32745.545660961841     
   3.4099999237805605        363.58944091873781        32482.033375104802     
   3.4149999236688018        363.05709913115544        32204.169081070879     
   3.4199999235570431        362.52631389850757        31913.836280845320     
   3.4249999234452844        361.99707840376522        31612.939371746470     
   3.4299999233335257        361.46938586964893        31303.389498252858     
   3.4349999232217669        360.94322955833940        30987.090459343723     
   3.4399999231100082        360.41860277119065        30665.924797743381     
   3.4449999229982495        359.89549884844581        30341.740195878006     
   3.4499999228864908        359.37391116895532        30016.336300438343     
   3.4549999227747321        358.85383314989753        29691.452093234788     
   3.4599999226629734        358.33525824650172        29368.753920585270     
   3.4649999225512147        357.81817995177369        29049.824286861141     
   3.4699999224394560        357.30259179622362        28736.151510113097     
   3.4749999223276973        356.78848734759595        28429.120329001187     
   3.4799999222159386        356.27586021060227        28130.003540661743     
   3.4849999221041799        355.76470402665592        27839.954738775636     
   3.4899999219924212        355.25501247360916        27560.002210069135     
   3.4949999218806624        354.74677926549236        27291.044035913819     
   3.4999999217689037        354.23999815225596        27033.844433717815     
   3.5049999216571450        353.73466291951382        26789.031360553428     
   3.5099999215453863        353.23076738828945        26557.095389077011     
   3.5149999214336276        352.72830541476412        26338.389853400513     
   3.5199999213218689        352.22727089002723        26133.132250299353     
   3.5249999212101102        351.72765773982860        25941.406869119466     
   3.5299999210983515        351.22945992433313        25763.168612098238     
   3.5349999209865928        350.73267143787717        25598.247955660794     
   3.5399999208748341        350.23728630872768        25446.356992704215     
   3.5449999207630754        349.74329859884227        25307.096486042396     
   3.5499999206513166        349.25070240363266        25179.963854148391     
   3.5549999205395579        348.75949185172880        25064.362002184705     
   3.5599999204277992        348.26966110474604        24959.608904128443     
   3.5649999203160405        347.78120435705353        24864.947835644638     
   3.5699999202042818        347.29411583554509        24779.558152285306     
   3.5749999200925231        346.80838979941143        24702.566503637325     
   3.5799999199807644        346.32402053991507        24633.058371235606     
   3.5849999198690057        345.84100238016623        24570.089816413012     
   3.5899999197572470        345.35932967490135        24512.699323779561     
   3.5949999196454883        344.87899681026312        24459.919626699291     
   3.5999999195337296        344.39999820358219        24410.789402939830     
   3.6049999194219708        343.92232830316112        24364.364731576101     
   3.6099999193102121        343.44598158805979        24319.730206183693     
   3.6149999191984534        342.97095256788270        24276.009604308252     
   3.6199999190866947        342.49723578256794        24232.376019070663     
   3.6249999189749360        342.02482580217816        24188.061365492133     
   3.6299999188631773        341.55371722669310        24142.365181607704     
   3.6349999187514186        341.08390468580353        24094.662652592931     
   3.6399999186396599        340.61538283870766        24044.411794853229     
   3.6449999185279012        340.14814637390833        23991.159746215330     
   3.6499999184161425        339.68219000901257        23934.548117910446     
   3.6549999183043838        339.21750849053240        23874.317373832928     
   3.6599999181926250        338.75409659368739        23810.310212491539     
   3.6649999180808663        338.29194912220896        23742.473937028924     
   3.6699999179691076        337.83106090814601        23670.861808560301     
   3.6749999178573489        337.37142681167234        23595.633387772275     
   3.6799999177455902        336.91304172089565        23517.053879123981     
   3.6849999176338315        336.45590055166781        23435.492501012806     
   3.6899999175220728        335.99999824739729        23351.419913819689     
   3.6949999174103141        335.54532977886220        23265.404745753516     
   3.6999999172985554        335.09189014402591        23178.109263802671     
   3.7049999171867967        334.63967436785316        23090.284243813745     
   3.7099999170750380        334.18867750212826        23002.763099703352     
   3.7149999169632792        333.73889462527478        22916.455337030136     
   3.7199999168515205        333.29032084217630        22832.339400582936     
   3.7249999167397618        332.84295128399890        22751.454989259859     
   3.7299999166280031        332.39678110801498        22674.894914316905     
   3.7349999165162444        331.95180549742861        22603.796579055532     
   3.7399999164044857        331.50801966120213        22539.333159213380     
   3.7449999162927270        331.06541883388411        22482.704563739699     
   3.7499999161809683        330.62399827543891        22435.128255312455     
   3.7549999160692096        330.18375327107748        22397.830008922672     
   3.7599999159574509        329.74467913108936        22372.034685158687     
   3.7649999158456922        329.30677119067622        22358.957092519635     
   3.7699999157339334        328.87002480978668        22359.793010224224     
   3.7749999156221747        328.43443537295258        22375.710439616614     
   3.7799999155104160        327.99999828912593        22407.841148462194     
   3.7849999153986573        327.56670899151806        22457.272568230026     
   3.7899999152868986        327.13456293743957        22525.040099935290     
   3.7949999151751399        326.70355560814119        22612.119879317575     
   3.7999999150633812        326.27368250865680        22719.422047115193     
   3.8049999149516225        325.84493916764677        22847.784565011716     
   3.8099999148398638        325.41732113724299        22997.967612525426     
   3.8149999147281051        324.99082399289540        23170.648594729340     
   3.8199999146163464        324.56544333321881        23366.417785267640     
   3.8249999145045877        324.14117477984206        23585.774623708330     
   3.8299999143928289        323.71801397725744        23829.124680873392     
   3.8349999142810702        323.29595659267170        24096.777300442522     
   3.8399999141693115        322.87499831585831        24388.943919859674     
   3.8449999140575528        322.45513485901063        24705.737068402403     
   3.8499999139457941        322.03636195659635        25047.170035222094     
   3.8549999138340354        321.61867536521294        25413.157195243497     
   3.8599999137222767        321.20207086344453        25803.514976042850     
   3.8649999136105180        320.78654425171953        26217.963444217316     
   3.8699999134987593        320.37209135216949        26656.128485333535     
   3.8749999133870006        319.95870800848928        27117.544547314112     
   3.8799999132752419        319.54639008579790        27601.657913107490     
   3.8849999131634831        319.13513347050088        28107.830464708757     
   3.8899999130517244        318.72493407015321        28635.343897078830     
   3.8949999129399657        318.31578781332371        29183.404337273223     
   3.8999999128282070        317.90769064946051        29751.147321164881     
   3.9049999127164483        317.50063854875697        30337.643077560522     
   3.9099999126046896        317.09462750201942        30941.902067295436     
   3.9149999124929309        316.68965352053533        31562.880723084218     
   3.9199999123811722        316.28571263594284        32199.487334534282     
   3.9249999122694135        315.88280090010085        32850.588021832882     
   3.9299999121576548        315.48091438496078        33515.012741226303     
   3.9349999120458961        315.08004918243859        34191.561265554017     
   3.9399999119341373        314.68020140428831        34879.009083807367     
   3.9449999118223786        314.28136718197612        35576.113164975024     
   3.9499999117106199        313.88354266655591        36281.617533331948     
   3.9549999115988612        313.48672402854510        36994.258604835588     
   3.9599999114871025        313.09090745780202        37712.770237416808     
   3.9649999113753438        312.69608916340377        38435.888451679959     
   3.9699999112635851        312.30226537352542        39162.355782850478     
   3.9749999111518264        311.90943233531971        39890.925229692068     
   3.9799999110400677        311.51758631479794        40620.363771526456     
   3.9849999109283090        311.12672359671166        41349.455430378257     
   3.9899999108165503        310.73684048443505        42077.003861571204     
   3.9949999107047915        310.34793329984876        42801.834462753439     
   3.9999999105930328        309.95999838322399        43522.795998244736     
   4.0049999104812741        309.57303209310760        44238.761742688221     
   4.0099999103695154        309.18703080620844        44948.630155155071     
   4.0149999102577567        308.80199091728417        45651.325101986600     
   4.0199999101459980        308.41790883902883        46345.795653656060     
   4.0249999100342393        308.03478100196173        47031.015487676406     
   4.0299999099224806        307.65260385431662        47705.981935959571     
   4.0349999098107219        307.27137386193209        48369.714720930344     
   4.0399999096989632        306.89108750814256        49021.254430008630     
   4.0449999095872045        306.51174129367018        49659.660782689352     
   4.0499999094754457        306.13333173651750        50284.010748277185     
   4.0549999093636870        305.75585537186089        50893.396575286948     
   4.0599999092519283        305.37930875194479        51486.923795524010     
   4.0649999091401696        305.00368844597688        52063.709266859609     
   4.0699999090284109        304.62899104002355        52622.879318661631     
   4.0749999089166522        304.25521313690695        53163.568062714738     
   4.0799999088048935        303.88235135610194        53684.915930250550     
   4.0849999086931348        303.51040233363426        54186.068492425075     
   4.0899999085813761        303.13936272197941        54666.175617252426     
   4.0949999084696174        302.76922918996235        55124.391010688247     
   4.0999999083578587        302.39999842265752        55559.872183313120     
   4.1049999082460999        302.03166712129013        55971.780876992620     
   4.1099999081343412        301.66423200313767        56359.283978081279     
   4.1149999080225825        301.29768980143280        56721.554935318636     
   4.1199999079108238        300.93203726526599        57057.775691664865     
   4.1249999077990651        300.56727115948991        57367.139130086282     
   4.1299999076873064        300.20338826462370        57648.852023878680     
   4.1349999075755477        299.84038537675838        57902.138472667459     
   4.1399999074637890        299.47825930746279        58126.243795905379     
   4.1449999073520303        299.11700688369018        58320.438846666701     
   4.1499999072402716        298.75662494768574        58484.024699962574     
   4.1549999071285129        298.39711035689430        58616.337661831531     
   4.1599999070167542        298.03845998386919        58716.754538232453     
   4.1649999069049954        297.68067071618151        58784.698096414439     
   4.1699999067932367        297.32373945632997        58819.642646076936     
   4.1749999066814780        296.96766312165170        58821.119663364872     
   4.1799999065697193        296.61243864423346        58788.723377646340     
   4.1849999064579606        296.25806297082340        58722.116239160234     
   4.1899999063462019        295.90453306274367        58621.034185037359     
   4.1949999062344432        295.55184589580352        58485.291621908975     
   4.1999999061226845        295.19999846021329        58314.786045322340     
   4.2049999060109258        294.84898776049840        58109.502219453614     
   4.2099999058991671        294.49881081541469        57869.515845102171     
   4.2149999057874084        294.14946465786380        57594.996649596455     
   4.2199999056756496        293.80094633480945        57286.210838956133     
   4.2249999055638909        293.45325290719427        56943.522860329955     
   4.2299999054521322        293.10638144985717        56567.396431248038     
   4.2349999053403735        292.76032905145121        56158.394801452407     
   4.2399999052286148        292.41509281436225        55717.180222858595     
   4.2449999051168561        292.07066985462802        55244.512613399820     
   4.2499999050050974        291.72705730185788        54741.247410952288     
   4.2549999048933387        291.38425229915299        54208.332624076436     
   4.2599999047815800        291.04225200302722        53646.805096769684     
   4.2649999046698213        290.70105358332847        53057.786014651654     
   4.2699999045580626        290.36065422316062        52442.475689842060     
   4.2749999044463038        290.02105111880604        51802.147671091909     
   4.2799999043345451        289.68224147964855        51138.142234361010     
   4.2849999042227864        289.34422252809708        50451.859316870796     
   4.2899999041110277        289.00699149950952        49744.750964592771     
   4.2949999039992690        288.67054564211782        49018.313369067728     
   4.2999999038875103        288.33488221695251        48274.078574309009     
   4.3049999037757516        287.99999849776907        47513.605938270986     
   4.3099999036639929        287.66589177097353        46738.473435916174     
   4.3149999035522342        287.33255933554943        45950.268892274456     
   4.3199999034404755        286.99999850298514        45150.581234050958     
   4.3249999033287168        286.66820659720139        44340.991847322090     
   4.3299999032169580        286.33718095447944        43523.066126695201     
   4.3349999031051993        286.00691892339006        42698.345298048349     
   4.3399999029934406        285.67741786472254        41868.338592676642     
   4.3449999028816819        285.34867515141445        41034.515845431859     
   4.3499999027699232        285.02068816848180        40198.300583345641     
   4.3549999026581645        284.69345431294971        39361.063664373964     
   4.3599999025464058        284.36697099378347        38524.117518407285     
   4.3649999024346471        284.04123563182037        37688.711034672517     
   4.3699999023228884        283.71624565970160        36856.025131233633     
   4.3749999022111297        283.39199852180479        36027.169033605118     
   4.3799999020993710        283.06849167417715        35203.177280650096     
   4.3849999019876122        282.74572258446887        34385.007467071569     
   4.3899999018758535        282.42368873186695        33573.538723040139     
   4.3949999017640948        282.10238760702981        32769.570922954190     
   4.3999999016523361        281.78181671202179        31973.824607108592     
   4.4049999015405774        281.46197356024879        31186.941592258354     
   4.4099999014288187        281.14285567639365        30409.486239798236     
   4.4149999013170600        280.82446059635242        29641.947343621559     
   4.4199999012053013        280.50678586717100        28884.740593741852     
   4.4249999010935426        280.18982904698214        28138.211566521481     
   4.4299999009817839        279.87358770494262        27402.639187898054     
   4.4349999008700252        279.55805942117155        26678.239612368106     
   4.4399999007582664        279.24324178668826        25965.170457698892     
   4.4449999006465077        278.92913240335116        25263.535333405140     
   4.4499999005347490        278.61572888379681        24573.388599942078     
   4.4549999004229903        278.30302885137957        23894.740295317137     
   4.4599999003112316        277.99102994011116        23227.561166382489     
   4.4649999001994729        277.67972979460154        22571.787743403547     
   4.4699999000877142        277.36912606999908        21927.327398558435     
   4.4749998999759555        277.05921643193204        21294.063331755908     
   4.4799998998641968        276.74999855644995        20671.859430501921     
   4.4849998997524381        276.44147012996564        20060.564954431193     
   4.4899998996406794        276.13362884919729        19460.018999474742     
   4.4949998995289207        275.82647242111142        18870.054701382720     
   4.4999998994171619        275.51999856286574        18290.503143382786     
   4.5049998993054032        275.21420500175270        17721.196938049026     
   4.5099998991936445        274.90908947514322        17161.973458902692     
   4.5149998990818858        274.60464973043099        16612.677702785910     
   4.5199998989701271        274.30088352497700        16073.164769565294     
   4.5249998988583684        273.99778862605433        15543.301951159803     
   4.5299998987466097        273.69536281079382        15022.970427177414     
   4.5349998986348510        273.39360386612918        14512.066569523335     
   4.5399998985230923        273.09250958874361        14010.502863149410     
   4.5449998984113336        272.79207778501558        13518.208454598383     
   4.5499998982995749        272.49230627096614        13035.129344111783     
   4.5549998981878161        272.19319287220549        12561.228240778242     
   4.5599998980760574        271.89473542388066        12096.484103469575     
   4.5649998979642987        271.59693177062343        11640.891393121079     
   4.5699998978525400        271.29977976649803        11194.459064245650     
   4.5749998977407813        271.00327727494994        10757.209325419382     
   4.5799998976290226        270.70742216875459        10329.176199839134     
   4.5849998975172639        270.41221232996639        9910.4039179358224     
   4.5899998974055052        270.11764564986839        9500.9451744436083     
   4.5949998972937465        269.82372002892185        9100.8592822931369     
   4.5999998971819878        269.53043337671647        8710.2102552405286     
   4.6049998970702291        269.23778361192092        8329.0648502918739     
   4.6099998969584703        268.94576866223338        7957.4905997678543     
   4.6149998968467116        268.65438646433279        7595.5538613119361     
   4.6199998967349529        268.36363496383029        7243.3179123165601     
   4.6249998966231942        268.07351211522075        6900.8411131664270     
   4.6299998965114355        267.78401588183499        6568.1751614184150     
   4.6349998963996768        267.49514423579200        6245.3634565965913     
   4.6399998962879181        267.20689515795169        5932.4395927211917     
   4.6449998961761594        266.91926663786779        5629.4259930540366     
   4.6499998960644007        266.63225667374104        5336.3326988704393     
   4.6549998959526420        266.34586327237292        5053.1563213980253     
   4.6599998958408833        266.06008444911930        4779.8791634324070     
   4.6649998957291245        265.77491822784481        4516.4685145820249     
   4.6699998956173658        265.49036264087704        4262.8761216404637     
   4.6749998955056071        265.20641572896170        4019.0378332610444     
   4.6799998953938484        264.92307554121709        3784.8734159395749     
   4.6849998952820897        264.64034013508984        3560.2865363163746     
   4.6899998951703310        264.35820757631041        3345.1649030044300     
   4.6949998950585723        264.07667593884895        3139.3805595491444     
   4.6999998949468136        263.79574330487145        2942.7903187351644     
   4.7049998948350549        263.51540776469625        2755.2363272823445     
   4.7099998947232962        263.23566741675074        2576.5467490175092     
   4.7149998946115375        262.95652036752830        2406.5365538697015     
   4.7199998944997787        262.67796473154573        2245.0083995093123     
   4.7249998943880200        262.39999863130072        2091.7535921285357     
   4.7299998942762613        262.12262019722959        1946.5531127320958     
   4.7349998941645026        261.84582756766542        1809.1786953612718     
   4.7399998940527439        261.56961888879658        1679.3939438971649     
   4.7449998939409852        261.29399231462503        1556.9554744657949     
   4.7499998938292265        261.01894600692543        1441.6140709817432     
   4.7549998937174678        260.74447813520419        1333.1158420016693     
   4.7599998936057091        260.47058687665879        1231.2033677966369     
   4.7649998934939504        260.19727041613766        1135.6168273752405     
   4.7699998933821917        259.92452694609977        1046.0950960804271     
   4.7749998932704329        259.65235466657504        962.37680532470199     
   4.7799998931586742        259.38075178512469        884.20135700443029     
   4.7849998930469155        259.10971651680165        811.30988612867418     
   4.7899998929351568        258.83924708411189        743.44616619664691     
   4.7949998928233981        258.56934171697515        680.35745284690529     
   4.7999998927116394        258.29999865268667        621.79526226853147     
   4.8049998925998807        258.03121613587842        567.51608179878372     
   4.8099998924881220        257.76299241848147        517.28201102342484     
   4.8149998923763633        257.49532575968760        470.86133253700962     
   4.8199998922646046        257.22821442591203        428.02901230403171     
   4.8249998921528459        256.96165669075560        388.56713028265563     
   4.8299998920410872        256.69565083496809        352.26524262676895     
   4.8349998919293284        256.43019514641071        318.92067736656850     
   4.8399998918175697        256.16528792001981        288.33876598135430     
   4.8449998917058110        255.90092745777005        260.33301372028848     
   4.8499998915940523        255.63711206863832        234.72521189825454     
   4.8549998914822936        255.37384006856763        211.34549569624198     
   4.8599998913705349        255.11110978043126        190.03235123130071     
   4.8649998912587762        254.84891953399710        170.63257583319540     
   4.8699998911470175        254.58726766589237        153.00119557715752     
   4.8749998910352588        254.32615251956838        137.00134417878633     
   4.8799998909235001        254.06557244526556        122.50410736275307     
   4.8849998908117414        253.80552579997868        109.38833677634067     
   4.8899998906999826        253.54601094742247        97.540437437004655     
   4.8949998905882239        253.28702625799713        86.854132585126891     
   4.8999998904764652        253.02857010875425        77.230209664010843     
   4.9049998903647065        252.77064088336309        68.576250973905061     
   4.9099998902529478        252.51323697207656        60.806352350252396     
   4.9149998901411891        252.25635677169805        53.840833003063914     
   4.9199998900294304        251.99999868554795        47.605939428657713     
   4.9249998899176717        251.74416112343064        42.033546071050587     
   4.9299998898059130        251.48884250160160        37.060855171786010     
   4.9349998896941543        251.23404124273472        32.630098007324683     
   4.9399998895823956        250.97975577588986        28.688239475357349     
   4.9449998894706368        250.72598453648047        25.186687758209011     
   4.9499998893588781        250.47272596624160        22.081010565209542     
   4.9549998892471194        250.21997851319796        19.330659238477828     
   4.9599998891353607        249.96774063163224        16.898701799630352     
   4.9649998890236020        249.71601078205356        14.751565819778170     
   4.9699998889118433        249.46478743116617        12.858791812808397     
   4.9749998888000846        249.21406905183838        11.192797683060665     
   4.9799998886883259        248.96385412307146        9.7286546035438022     
   4.9849998885765672        248.71414112996908        8.4438745599958054     
   4.9899998884648085        248.46492856370659        7.3182096693585654     
   4.9949998883530498        248.21621492150069        6.3334632684211467     
   4.9999998882412910        247.96799870657918        5.4733126691227056     
