54

C     6.0    -2.48739     1.09351    -0.00847
C     6.0    -1.66371     2.35878     0.11319
C     6.0    -0.34985     2.46993    -0.11471
C     6.0     0.58061     1.35291    -0.51796
C     6.0     2.00656     1.52999     0.03279
H     1.0     0.17575     0.38633    -0.18881
H     1.0     0.63582     1.29381    -1.61834
C     6.0     2.95089     0.38466    -0.35182
H     1.0     2.41713     2.48006    -0.34182
H     1.0     1.96835     1.62599     1.12790
C     6.0     4.39759     0.60304     0.11140
H     1.0     2.56878    -0.55903     0.06858
H     1.0     2.93733     0.25712    -1.44608
C     6.0     5.34131    -0.54222    -0.27733
H     1.0     4.77550     1.54330    -0.31775
H     1.0     4.41791     0.73728     1.20348
C     6.0     6.79894    -0.28737     0.12484
H     1.0     4.99134    -1.47709     0.18524
H     1.0     5.28881    -0.70168    -1.36432
C     6.0     7.72886    -1.44970    -0.27233
H     1.0     7.15124     0.63684    -0.35457
H     1.0     6.86789    -0.12477     1.20722
C     6.0     9.18674    -1.17847     0.02004
H     1.0     7.43528    -2.35494     0.27525
H     1.0     7.65219    -1.66340    -1.34192
O     8.0    10.08392    -1.14896    -0.79263
H     1.0    -2.21221     3.25856     0.39686
H     1.0     0.10972     3.45454    -0.01405
O     8.0     9.40418    -0.95781     1.34430
C     6.0    -3.98896     1.33052     0.20830
H     1.0    -2.13277     0.33769     0.71044
H     1.0    -2.33634     0.64433    -1.00184
C     6.0    -4.84214     0.07186     0.01004
H     1.0    -4.33183     2.11299    -0.48485
H     1.0    -4.15009     1.73000     1.22027
C     6.0    -6.34643     0.31364     0.19806
H     1.0    -4.50811    -0.71059     0.70873
H     1.0    -4.66383    -0.32874    -0.99975
C     6.0    -7.20354    -0.93412    -0.05697
H     1.0    -6.67203     1.11924    -0.47859
H     1.0    -6.53171     0.68243     1.21842
C     6.0    -8.70711    -0.70134     0.14481
H     1.0    -6.87090    -1.74581     0.60736
H     1.0    -7.02564    -1.29062    -1.08241
C     6.0    -9.56398    -1.94054    -0.15304
H     1.0    -9.03829     0.12977    -0.49711
H     1.0    -8.88783    -0.37469     1.17946
C     6.0   -11.06043    -1.71739     0.09463
H     1.0    -9.21096    -2.78030     0.46406
H     1.0    -9.40805    -2.24580    -1.19877
H     1.0   -11.25092    -1.44301     1.14032
H     1.0   -11.64133    -2.62239    -0.12373
H     1.0   -11.45382    -0.90849    -0.53599
H     1.0    10.36105    -0.79092     1.43097
