  4.99999988824129105E-003   1007638043.8702248     
  9.99999977648258209E-003   1006108428.0064290     
  1.49999996647238731E-002   1003564226.4686371     
  1.99999995529651642E-002   1000013149.2220548     
  2.49999994412064552E-002   995465935.64212954     
  2.99999993294477463E-002   989936300.40203691     
  3.49999992176890373E-002   983440864.55660486     
  3.99999991059303284E-002   975999072.30732870     
  4.49999989941716194E-002   967633094.03181493     
  4.99999988824129105E-002   958367716.25441372     
  5.49999987706542015E-002   948230219.32216084     
  5.99999986588954926E-002   937250243.63069177     
  6.49999985471367836E-002   925459645.31782484     
  6.99999984353780746E-002   912892342.40748382     
  7.49999983236193657E-002   899584152.44297028     
  7.99999982118606567E-002   885572622.69596577     
  8.49999981001019478E-002   870896854.07565987     
  8.99999979883432388E-002   855597319.89085841     
  9.49999978765845299E-002   839715680.63674951     
  9.99999977648258209E-002   823294595.98707712     
  0.10499999765306711        806377535.17196202     
  0.10999999754130840        789008586.91162276     
  0.11499999742954969        771232270.05707335     
  0.11999999731779099        753093346.06085348     
  0.12499999720603228        734636634.36440408     
  0.12999999709427357        715906831.74434936     
  0.13499999698251486        696948336.60825276     
  0.13999999687075615        677805079.17202854     
  0.14499999675899744        658520358.38676023     
  0.14999999664723873        639136686.41298020     
  0.15499999653548002        619695641.36624324     
  0.15999999642372131        600237728.97983646     
  0.16499999631196260        580802253.74958456     
  0.16999999620020390        561427200.04267430     
  0.17499999608844519        542149123.56808031     
  0.17999999597668648        523003053.52131635     
  0.18499999586492777        504022405.63162804     
  0.18999999575316906        485238906.25614715     
  0.19499999564141035        466682527.58364654     
  0.19999999552965164        448381433.93104845     
  0.20499999541789293        430361939.03936934     
  0.20999999530613422        412648474.20289969     
  0.21499999519437551        395263566.99664438     
  0.21999999508261681        378227830.30282271     
  0.22499999497085810        361559961.27797192     
  0.22999999485909939        345276749.84819025     
  0.23499999474734068        329393096.27162492     
  0.23999999463558197        313922037.26457894     
  0.24499999452382326        298874780.15076917     
  0.24999999441206455        284260744.46234643     
  0.25499999430030584        270087610.39630908     
  0.25999999418854713        256361373.51084298     
  0.26499999407678843        243086405.03279880     
  0.26999999396502972        230265517.13980424     
  0.27499999385327101        217900032.57820663     
  0.27999999374151230        205989857.98088601     
  0.28499999362975359        194533560.25669006     
  0.28999999351799488        183528445.43549502     
  0.29499999340623617        172970639.36934108     
  0.29999999329447746        162855169.71035007     
  0.30499999318271875        153176048.60982886     
  0.30999999307096004        143926355.60967743     
  0.31499999295920134        135098320.22656146     
  0.31999999284744263        126683403.76085174     
  0.32499999273568392        118672379.89567962     
  0.32999999262392521        111055413.68619834     
  0.33499999251216650        103822138.57488921     
  0.33999999240040779        96961731.105124593     
  0.34499999228864908        90462983.041847989     
  0.34999999217689037        84314370.644802377     
  0.35499999206513166        78504120.875922129     
  0.35999999195337296        73020274.358008996     
  0.36499999184161425        67850744.936364576     
  0.36999999172985554        62983375.728419721     
  0.37499999161809683        58405991.578366198     
  0.37999999150633812        54106447.864178859     
  0.38499999139457941        50072675.633059599     
  0.38999999128282070        46292723.068110757     
  0.39499999117106199        42754793.313856333     
  0.39999999105930328        39447278.710997894     
  0.40499999094754457        36358791.511474475     
  0.40999999083578587        33478191.163461987     
  0.41499999072402716        30794608.272401728     
  0.41999999061226845        28297465.358501852     
  0.42499999050050974        25976494.543453798     
  0.42999999038875103        23821752.309396818     
  0.43499999027699232        21823631.481522389     
  0.43999999016523361        19972870.592214983     
  0.44499999005347490        18260560.789374519     
  0.44999998994171619        16678150.454659590     
  0.45499998982995749        15217447.698941005     
  0.45999998971819878        13870620.902379429     
  0.46499998960644007        12630197.465358451     
  0.46999998949468136        11489060.934138898     
  0.47499998938292265        10440446.661674619     
  0.47999998927116394        9477936.1596677620     
  0.48499998915940523        8595450.2927634791     
  0.48999998904764652        7787241.4599091262     
  0.49499998893588781        7047884.9014442060     
  0.49999998882412910        6372269.2635556916     
  0.50499998871237040        5755586.5444316147     
  0.50999998860061169        5193321.5388725055     
  0.51499998848885298        4681240.8903663335     
  0.51999998837709427        4215381.8517826125     
  0.52499998826533556        3792040.8479721900     
  0.52999998815357685        3407761.9257414578     
  0.53499998804181814        3059325.1689649601     
  0.53999998793005943        2743735.1490649018     
  0.54499998781830072        2458209.4737676526     
  0.54999998770654202        2200167.4899871461     
  0.55499998759478331        1967219.1899181830     
  0.55999998748302460        1757154.3629769390     
  0.56499998737126589        1567932.0301239656     
  0.56999998725950718        1397670.1913632753     
  0.57499998714774847        1244635.9118412354     
  0.57999998703598976        1107235.7669776415     
  0.58499998692423105        984006.66245087225     
  0.58999998681247234        873607.04062806966     
  0.59499998670071363        774808.48117458296     
  0.59999998658895493        686487.70008678094     
  0.60499998647719622        607618.94825792289     
  0.60999998636543751        537266.80789535702     
  0.61499998625367880        474579.38264420541     
  0.61999998614192009        418781.87512176664     
  0.62499998603016138        369170.54371084349     
  0.62999998591840267        325107.02888099838     
  0.63499998580664396        286013.03798573511     
  0.63999998569488525        251365.37640185558     
  0.64499998558312654        220691.31201579917     
  0.64999998547136784        193564.25940184275     
  0.65499998535960913        169599.76956007784     
  0.65999998524785042        148451.81077017073     
  0.66499998513609171        129809.32595258534     
  0.66999998502433300        113393.05189560635     
  0.67499998491257429        98952.585788245051     
  0.67999998480081558        86263.684680956692     
  0.68499998468905687        75125.783764007123     
  0.68999998457729816        65359.719694142303     
  0.69499998446553946        56805.645601818083     
  0.69999998435378075        49321.124862447097     
  0.70499998424202204        42779.391205705870     
  0.70999998413026333        37067.763257649764     
  0.71499998401850462        32086.202152858084     
  0.71999998390674591        27746.001410612018     
  0.72499998379498720        23968.598833585293     
  0.72999998368322849        20684.500753883032     
  0.73499998357146978        17832.309514454850     
  0.73999998345971107        15357.845629579730     
  0.74499998334795237        13213.356612592988     
  0.74999998323619366        11356.804989217624     
  0.75499998312443495        9751.2285282473385     
  0.75999998301267624        8364.1662158933104     
  0.76499998290091753        7167.1439742841039     
  0.76999998278915882        6135.2145772509175     
  0.77499998267740011        5246.5466468455743     
  0.77999998256564140        4482.0580215619011     
  0.78499998245388269        3825.0891717729601     
  0.78999998234212399        3261.1126995116792     
  0.79499998223036528        2777.4752986730591     
  0.79999998211860657        2363.1688684367587     
  0.80499998200684786        2008.6277677802896     
  0.80999998189508915        1705.5494730730036     
  0.81499998178333044        1446.7361546995537     
  0.81999998167157173        1225.9549233210494     
  0.82499998155981302        1037.8147126556819     
  0.82999998144805431        877.65796449669585     
  0.83499998133629560        741.46546405175388     
  0.83999998122453690        625.77284055880853     
  0.84499998111277819        527.59740047993341     
  0.84999998100101948        444.37409935281954     
  0.85499998088926077        373.89958452571875     
  0.85999998077750206        314.28335542333588     
  0.86499998066574335        263.90519156414263     
  0.86999998055398464        221.37809211295979     
  0.87499998044222593        185.51605510617213     
  0.87999998033046722        155.30610038928401     
  0.88499998021870852        129.88400847385032     
  0.88999998010694981        108.51330862636181     
  0.89499997999519110        90.567104175723117     
  0.89999997988343239        75.512371856415953     
  0.90499997977167368        62.896415537654775     
  0.90999997965991497        52.335193430816972     
  0.91499997954815626        43.503272285375928     
  0.91999997943639755        36.125192607424530     
  0.92499997932463884        29.968055959195464     
  0.92999997921288013        24.835169283802848     
  0.93499997910112143        20.560602276151354     
  0.93999997898936272        17.004532388419626     
  0.94499997887760401        14.049268388861613     
  0.94999997876584530        11.595857732333791     
  0.95499997865408659        9.5611955725449302     
  0.95999997854232788        7.8755642501601466     
  0.96499997843056917        6.4805417079460979     
  0.96999997831881046        5.3272256759349350     
  0.97499997820705175        4.3747277809747311     
  0.97999997809529305        3.5888980954061398     
  0.98499997798353434        2.9412461643026768     
  0.98999997787177563        2.4080293423338017     
  0.99499997776001692        1.9694834209411665     
  0.99999997764825821        1.6091741148628500     
   1.0049999775364995        1.3134510754653566     
   1.0099999774247408        1.0709887698367633     
   1.0149999773129821       0.87240086464864597     
   1.0199999772012234       0.70991673120333965     
   1.0249999770894647       0.57711038567559492     
   1.0299999769777060       0.46867363385814215     
   1.0349999768659472       0.38022643554688440     
   1.0399999767541885       0.30815856870685560     
   1.0449999766424298       0.24949758271627645     
   1.0499999765306711       0.20179880502083905     
   1.0549999764189124       0.16305382531598095     
   1.0599999763071537       0.13161444227621802     
   1.0649999761953950       0.10612953403491986     
   1.0699999760836363       8.54927173297068965E-002
   1.0749999759718776       6.87990020336140540E-002
   1.0799999758601189       5.53089367925891293E-002
   1.0849999757483602       4.44189855149526650E-002
   1.0899999756366014       3.56370802315622362E-002
   1.0949999755248427       2.85624691314772250E-002
   1.0999999754130840       2.28691243121963116E-002
   1.1049999753013253       1.82920961846023133E-002
   1.1099999751895666       1.46163041410349009E-002
   1.1149999750778079       1.16673390986439685E-002
   1.1199999749660492       9.30392548005970488E-003
   1.1249999748542905       7.41175030760824177E-003
   1.1299999747425318       5.89841724755863460E-003
   1.1349999746307731       4.68932524129820824E-003
   1.1399999745190144       3.72430614926127623E-003
   1.1449999744072556       2.95488474977231158E-003
   1.1499999742954969       2.34204843925739630E-003
   1.1549999741837382       1.85443388149966076E-003
   1.1599999740719795       1.46685433210841268E-003
   1.1649999739602208       1.15910499148384120E-003
   1.1699999738484621       9.14994994425965646E-004
   1.1749999737367034       7.21563928398066910E-004
   1.1799999736249447       5.68448420849481609E-004
   1.1849999735131860       4.47370629133202560E-004
   1.1899999734014273       3.51725638089175679E-004
   1.1949999732896686       2.76249014898284216E-004
   1.1999999731779099       2.16749250174481819E-004
   1.2049999730661511       1.69892662852091540E-004
   1.2099999729543924       1.33030675706449905E-004
   1.2149999728426337       1.04061270637999687E-004
   1.2199999727308750       8.13179845109292092E-005
   1.2249999726191163       6.34810704399018879E-005
   1.2299999725073576       4.95064779902209412E-005
   1.2349999723955989       3.85691416583292687E-005
   1.2399999722838402       3.00177454918787905E-005
   1.2449999721720815       2.33386817625108282E-005
   1.2499999720603228       1.81273669910895065E-005
   1.2549999719485641       1.40654388235032019E-005
   1.2599999718368053       1.09026482063345011E-005
   1.2649999717250466       8.44249604426919269E-006
   1.2699999716132879       6.53085266942276236E-006
   1.2749999715015292       5.04695068563574467E-006
   1.2799999713897705       3.89626412569042382E-006
   1.2849999712780118       3.00488511449653052E-006
   1.2899999711662531       2.31508802611648911E-006
   1.2949999710544944       1.78183423581738025E-006
   1.2999999709427357       1.37002106074113960E-006
   1.3049999708309770       1.05231883000661891E-006
   1.3099999707192183       8.07472227198184794E-007
   1.3149999706074595       6.18967719040037263E-007
   1.3199999704957008       4.73989324051201984E-007
   1.3249999703839421       3.62601230742207795E-007
   1.3299999702721834       2.77108687730710362E-007
   1.3349999701604247       2.11558833393530050E-007
   1.3399999700486660       1.61351251845244421E-007
   1.3449999699369073       1.22934468772390906E-007
   1.3499999698251486       9.35696817731753976E-008
   1.3549999697133899       7.11470323905015169E-008
   1.3599999696016312       5.40428920010050789E-008
   1.3649999694898725       4.10091272470058429E-008
   1.3699999693781137       3.10872729280411597E-008
   1.3749999692663550       2.35420826073046664E-008
   1.3799999691545963       1.78101380762363034E-008
   1.3849999690428376       1.34601483821528442E-008
   1.3899999689310789       1.01623128927110606E-008
   1.3949999688193202       7.66470477214293397E-009
   1.3999999687075615       5.77508597812023045E-009
   1.4049999685958028       4.34691983477151897E-009
   1.4099999684840441       3.26862397426071959E-009
   1.4149999683722854       2.45532195054012284E-009
   1.4199999682605267       1.84251946673659989E-009
   1.4249999681487679       1.38126140661206086E-009
   1.4299999680370092       1.03442694332447562E-009
   1.4349999679252505       7.73898356341794382E-010
   1.4399999678134918       5.78399859189412098E-010
   1.4449999677017331       4.31849664731985385E-010
   1.4499999675899744       3.22104764539772768E-010
   1.4549999674782157       2.40005870701913557E-010
   1.4599999673664570       1.78651527961060578E-010
   1.4649999672546983       1.32847002271941055E-010
   1.4699999671429396       9.86863159654264515E-011
   1.4749999670311809       7.32356041385893741E-011
   1.4799999669194221       5.42934893874218193E-011
   1.4849999668076634       4.02099371101989061E-011
   1.4899999666959047       2.97494668782540549E-011
   1.4949999665841460       2.19879699570137121E-011
   1.4999999664723873       1.62349605000966113E-011
   1.5049999663606286       1.19750543081584646E-011
   1.5099999662488699       8.82396752179984520E-012
   1.5149999661371112       6.49546824798817941E-012
   1.5199999660253525       4.77658137912013111E-012
   1.5249999659135938       3.50900552743162631E-012
   1.5299999658018351       2.57520067377880127E-012
   1.5349999656900764       1.88798376844297034E-012
   1.5399999655783176       1.38275611920983612E-012
   1.5449999654665589       1.01170308856956128E-012
   1.5499999653548002       7.39470267300035016E-013
   1.5549999652430415       5.39943740912954130E-013
   1.5599999651312828       3.93855087496822232E-013
   1.5649999650195241       2.87001761444841460E-013
   1.5699999649077654       2.08926158293880345E-013
   1.5749999647960067       1.51936189029783051E-013
   1.5799999646842480       1.10379848383982433E-013
   1.5849999645724893       8.01084836869165878E-014
   1.5899999644607306       5.80801037522894563E-014
   1.5949999643489718       4.20665029081488442E-014
   1.5999999642372131       3.04372624807165332E-014
   1.6049999641254544       2.20006201808850291E-014
   1.6099999640136957       1.58863604173745080E-014
   1.6149999639019370       1.14597212283779179E-014
   1.6199999637901783       8.25817056725218974E-015
   1.6249999636784196       5.94502654781087955E-015
   1.6299999635666609       4.27547037833484397E-015
   1.6349999634549022       3.07166719360100546E-015
   1.6399999633431435       2.20457343933589431E-015
   1.6449999632313848       1.58064789049466878E-015
   1.6499999631196260       1.13215491246103261E-015
   1.6549999630078673       8.10096449045640847E-016
   1.6599999628961086       5.79065586176816946E-016
   1.6649999627843499       4.13503258890327083E-016
   1.6699999626725912       2.94978438031628153E-016
   1.6749999625608325       2.10214060197948326E-016
   1.6799999624490738       1.49655748480010212E-016
   1.6849999623373151       1.06435180275874226E-016
   1.6899999622255564       7.56200831846053010E-017
   1.6949999621137977       5.36721824730752222E-017
   1.6999999620020390       3.80558576494142577E-017
   1.7049999618902802       2.69559055734481484E-017
   1.7099999617785215       1.90742070579071400E-017
   1.7149999616667628       1.34833936211108191E-017
   1.7199999615550041       9.52164723387384104E-018
   1.7249999614432454       6.71715106572764643E-018
   1.7299999613314867       4.73389147655557025E-018
   1.7349999612197280       3.33281827217516474E-018
   1.7399999611079693       2.34404056745635524E-018
   1.7449999609962106       1.64694375386334969E-018
   1.7499999608844519       1.15598597566174630E-018
   1.7549999607726932       8.10562517603029983E-019
   1.7599999606609344       5.67780695809621253E-019
   1.7649999605491757       3.97314927570783887E-019
   1.7699999604374170       2.77746948251177159E-019
   1.7749999603256583       1.93965219965890342E-019
   1.7799999602138996       1.35318939222992914E-019
   1.7849999601021409       9.43090695121625168E-020
   1.7899999599903822       6.56611506712571282E-020
   1.7949999598786235       4.56692282191208062E-020
   1.7999999597668648       3.17321142637336402E-020
   1.8049999596551061       2.20259424667764691E-020
   1.8099999595433474       1.52732037497475186E-020
   1.8149999594315886       1.05800067385952511E-020
   1.8199999593198299       7.32153085766988696E-021
   1.8249999592080712       5.06148557942732212E-021
   1.8299999590963125       3.49553990595806120E-021
   1.8349999589845538       2.41163000759765809E-021
   1.8399999588727951       1.66213864721835060E-021
   1.8449999587610364       1.14441612922976533E-021
   1.8499999586492777       7.87156065749069413E-022
   1.8549999585375190       5.40876206211629861E-022
   1.8599999584257603       3.71274447910147023E-022
   1.8649999583140016       2.54596482476910868E-022
   1.8699999582022429       1.74409401269071469E-022
   1.8749999580904841       1.19356901830685985E-022
   1.8799999579787254       8.15990940697780845E-023
   1.8849999578669667       5.57292618860233010E-023
   1.8899999577552080       3.80225639335204528E-023
   1.8949999576434493       2.59155040717798509E-023
   1.8999999575316906       1.76456668784198669E-023
   1.9049999574199319       1.20026362813470772E-023
   1.9099999573081732       8.15596529811584139E-024
   1.9149999571964145       5.53648651827629855E-024
   1.9199999570846558       3.75451010967656851E-024
   1.9249999569728971       2.54350422499475444E-024
   1.9299999568611383       1.72136037945626241E-024
   1.9349999567493796       1.16378108884863830E-024
   1.9399999566376209       7.86015196896434232E-025
   1.9449999565258622       5.30335554452958420E-025
   1.9499999564141035       3.57462673149518917E-025
   1.9549999563023448       2.40697072193129966E-025
   1.9599999561905861       1.61909029801728269E-025
   1.9649999560788274       1.08800649289776616E-025
   1.9699999559670687       7.30385357024020660E-026
   1.9749999558553100       4.89815791272179435E-026
   1.9799999557435513       3.28150946177662180E-026
   1.9849999556317925       2.19621419001882541E-026
   1.9899999555200338       1.46837127354972660E-026
   1.9949999554082751       9.80747522884199211E-027
   1.9999999552965164       6.54393104013612661E-027
   2.0049999551847577       4.36194677775900115E-027
   2.0099999550729990       2.90457211935224151E-027
   2.0149999549612403       1.93216459707482160E-027
   2.0199999548494816       1.28400356700605364E-027
   2.0249999547377229       8.52409917754033413E-028
   2.0299999546259642       5.65315524212228368E-028
   2.0349999545142055       3.74535927205693083E-028
   2.0399999544024467       2.47888402776649297E-028
   2.0449999542906880       1.63900051016106446E-028
   2.0499999541789293       1.08258529142356758E-028
   2.0549999540671706       7.14340559587882650E-029
   2.0599999539554119       4.70878271992424053E-029
   2.0649999538436532       3.10078851133322562E-029
   2.0699999537318945       2.03983855195522924E-029
   2.0749999536201358       1.34053944842177719E-029
   2.0799999535083771       8.80082845143281422E-030
   2.0849999533966184       5.77201786556416653E-030
   2.0899999532848597       3.78174230228445915E-030
   2.0949999531731009       2.47523450445721144E-030
   2.0999999530613422       1.61845609757726441E-030
   2.1049999529495835       1.05717199484038979E-030
   2.1099999528378248       6.89843426867184481E-031
   2.1149999527260661       4.49692417800961187E-031
   2.1199999526143074       2.92846982583888655E-031
   2.1249999525025487       1.90513649257733443E-031
   2.1299999523907900       1.23814523975401799E-031
   2.1349999522790313       8.03854121012728722E-032
   2.1399999521672726       5.21366409079957927E-032
   2.1449999520555139       3.37807280117836026E-032
   2.1499999519437551       2.18652837130944068E-032
   2.1549999518319964       1.41384364106062169E-032
   2.1599999517202377       9.13288108186186794E-033
   2.1649999516084790       5.89351477472031238E-033
   2.1699999514967203       3.79927827606309532E-033
   2.1749999513849616       2.44674092433215132E-033
   2.1799999512732029       1.57410979621359601E-033
   2.1849999511614442       1.01167777945403363E-033
   2.1899999510496855       6.49545464617835567E-034
   2.1949999509379268       4.16617062165193591E-034
   2.1999999508261681       2.66946790332048113E-034
   2.2049999507144094       1.70872631859379695E-034
   2.2099999506026506       1.09264848488731824E-034
   2.2149999504908919       6.97989004173339126E-035
   2.2199999503791332       4.45427317265622113E-035
   2.2249999502673745       2.83965297143734630E-035
   2.2299999501556158       1.80848055645989614E-035
   2.2349999500438571       1.15059523917591405E-035
   2.2399999499320984       7.31293065876971894E-036
   2.2449999498203397       4.64323315814194092E-036
   2.2499999497085810       2.94516535276820242E-036
   2.2549999495968223       1.86620361897586889E-036
   2.2599999494850636       1.18132263583496471E-036
   2.2649999493733048       7.47030232434833885E-037
   2.2699999492615461       4.71919566755632535E-037
   2.2749999491497874       2.97822801609312869E-037
   2.2799999490380287       1.87762154022717092E-037
   2.2849999489262700       1.18254677214139390E-037
   2.2899999488145113       7.44027090915377014E-038
   2.2949999487027526       4.67648262356387112E-038
   2.2999999485909939       2.93636510819962880E-038
   2.3049999484792352       1.84187833128730363E-038
   2.3099999483674765       1.15417583282473697E-038
   2.3149999482557178       7.22508844944135786E-039
   2.3199999481439590       4.51829428256288780E-039
   2.3249999480322003       2.82270838412713668E-039
   2.3299999479204416       1.76164204353071447E-039
   2.3349999478086829       1.09832147195553791E-039
   2.3399999476969242       6.84071402769552803E-040
   2.3449999475851655       4.25631293204685839E-040
   2.3499999474734068       2.64560997740090335E-040
   2.3549999473616481       1.64277559685078360E-040
   2.3599999472498894       1.01903903407089615E-040
   2.3649999471381307       6.31485744249526555E-041
   2.3699999470263720       3.90927692207539641E-041
   2.3749999469146132       2.41762798701051127E-041
   2.3799999468028545       1.49362875943530294E-041
   2.3849999466910958       9.21840987089535681E-042
   2.3899999465793371       5.68367863906821940E-042
   2.3949999464675784       3.50076669821367693E-042
   2.3999999463558197       2.15405593948359003E-042
   2.4049999462440610       1.32406998217151575E-042
   2.4099999461323023       8.13064606365103872E-043
   2.4149999460205436       4.98768854647804458E-043
   2.4199999459087849       3.05656580743329307E-043
   2.4249999457970262       1.87123498531755626E-043
   2.4299999456852674       1.14441373276963879E-043
   2.4349999455735087       6.99194408507030808E-044
   2.4399999454617500       4.26749466086993581E-044
   2.4449999453499913       2.60200532033837113E-044
   2.4499999452382326       1.58490606726604174E-044
   2.4549999451264739       9.64404059075657634E-045
   2.4599999450147152       5.86238970778670797E-045
   2.4649999449029565       3.56000407176557926E-045
   2.4699999447911978       2.15966533847671334E-045
   2.4749999446794391       1.30882799436783359E-045
   2.4799999445676804       7.92389745857068346E-046
   2.4849999444559216       4.79242441500358721E-046
   2.4899999443441629       2.89555521702107778E-046
   2.4949999442324042       1.74770683316306518E-046
   2.4999999441206455       1.05381765754109126E-046
   2.5049999440088868       6.34778943506562874E-047
   2.5099999438971281       3.81979193152832463E-047
   2.5149999437853694       2.29623882534269944E-047
   2.5199999436736107       1.37896917602612508E-047
   2.5249999435618520       8.27279409607211471E-048
   2.5299999434500933       4.95803999485636404E-048
   2.5349999433383346       2.96843805296191699E-048
   2.5399999432265759       1.77544044370422415E-048
   2.5449999431148171       1.06082655114654089E-048
   2.5499999430030584       6.33202771849920768E-049
   2.5549999428912997       3.77573397237978004E-049
   2.5599999427795410       2.24915881114266323E-049
   2.5649999426677823       1.33844031579269990E-049
   2.5699999425560236       7.95679285194247228E-050
   2.5749999424442649       4.72538553638986678E-050
   2.5799999423325062       2.80347441826438074E-050
   2.5849999422207475       1.66156027829055404E-050
   2.5899999421089888       9.83774948039129055E-051
   2.5949999419972301       5.81882867867707288E-051
   2.5999999418854713       3.43823483553939128E-051
   2.6049999417737126       2.02953084282401336E-051
   2.6099999416619539       1.19678442630463994E-051
   2.6149999415501952       7.05011752076887340E-052
   2.6199999414384365       4.14893793088054349E-052
   2.6249999413266778       2.43914530506782985E-052
   2.6299999412149191       1.43251296766519829E-052
   2.6349999411031604       8.40464946893617775E-053
   2.6399999409914017       4.92607253152588877E-053
   2.6449999408796430       2.88431144344715166E-053
   2.6499999407678843       1.68711100318625114E-053
   2.6549999406561255       9.85837460256667132E-054
   2.6599999405443668       5.75475884807274313E-054
   2.6649999404326081       3.35590065550013977E-054
   2.6699999403208494       1.95502005353077952E-054
   2.6749999402090907       1.13776741323345228E-054
   2.6799999400973320       6.61478784060579097E-055
   2.6849999399855733       3.84183316878173428E-055
   2.6899999398738146       2.22905732791035667E-055
   2.6949999397620559       1.29200480317348931E-055
   2.6999999396502972       7.48112949622626876E-056
   2.7049999395385385       4.32743317725570945E-056
   2.7099999394267797       2.50065467425331794E-056
   2.7149999393150210       1.44356793982298116E-056
   2.7199999392032623       8.32493570563849577E-057
   2.7249999390915036       4.79606104082230812E-057
   2.7299999389797449       2.76025159520636044E-057
   2.7349999388679862       1.58698488776026533E-057
   2.7399999387562275       9.11500826324320332E-058
   2.7449999386444688       5.22999767950694317E-058
   2.7499999385327101       2.99782363705045777E-058
   2.7549999384209514       1.71660675391764918E-058
   2.7599999383091927       9.81964320731522747E-059
   2.7649999381974339       5.61152307808808385E-059
   2.7699999380856752       3.20350902962146381E-059
   2.7749999379739165       1.82696953506848600E-059
   2.7799999378621578       1.04087076935719205E-059
   2.7849999377503991       5.92410126146342487E-060
   2.7899999376386404       3.36828078816016416E-060
   2.7949999375268817       1.91317306061759539E-060
   2.7999999374151230       1.08557636565480499E-060
   2.8049999373033643       6.15356307059752298E-061
   2.8099999371916056       3.48460123950458905E-061
   2.8149999370798469       1.97124076274717664E-061
   2.8199999369680882       1.11400312629343181E-061
   2.8249999368563294       6.28916953400687428E-062
   2.8299999367445707       3.54699313723231544E-062
   2.8349999366328120       1.99842359352382973E-062
   2.8399999365210533       1.12479895054988595E-062
   2.8449999364092946       6.32444485996254293E-063
   2.8499999362975359       3.55246716480704326E-063
   2.8549999361857772       1.99341576399891807E-063
   2.8599999360740185       1.11744423212118464E-063
   2.8649999359622598       6.25768909375529911E-064
   2.8699999358505011       3.50075936744689586E-064
   2.8749999357387424       1.95645872982406047E-064
   2.8799999356269836       1.09229331751004400E-064
   2.8849999355152249       6.09211392422217519E-065
   2.8899999354034662       3.39435225140981528E-065
   2.8949999352917075       1.88932189197262534E-065
   2.8999999351799488       1.05054620463770589E-065
   2.9049999350681901       5.83558653150813705E-066
   2.9099999349564314       3.23827720210021282E-066
   2.9149999348446727       1.79516216063408461E-066
   2.9199999347329140       9.94153629371012687E-067
   2.9249999346211553       5.50000992523778342E-067
   2.9299999345093966       3.03972011943697164E-067
   2.9349999343976378       1.67827790405717195E-067
   2.9399999342858791       9.25665993967902439E-068
   2.9449999341741204       5.10040773863040213E-068
   2.9499999340623617       2.80747331203126408E-068
   2.9549999339506030       1.54378398382582752E-068
   2.9599999338388443       8.48042425215288397E-069
   2.9649999337270856       4.65381142711775892E-069
   2.9699999336153269       2.55129182750888784E-069
   2.9749999335035682       1.39724205253265560E-069
   2.9799999333918095       7.64439838603741438E-070
   2.9849999332800508       4.17806440291110512E-070
   2.9899999331682920       2.28121964067022154E-070
   2.9949999330565333       1.24428317285664621E-070
   2.9999999329447746       6.78002831758104574E-071
   3.0049999328330159       3.69065918059688079E-071
   3.0099999327212572       2.00694989035516761E-071
   3.0149999326094985       1.09025797145344692E-071
   3.0199999324977398       5.91673565102399874E-072
   3.0249999323859811       3.20771086868415481E-072
   3.0299999322742224       1.73727439588528477E-072
   3.0349999321624637       9.39943559249403209E-073
   3.0399999320507050       5.08036935339628767E-073
   3.0449999319389462       2.74314618805328595E-073
   3.0499999318271875       1.47966285575051884E-073
   3.0549999317154288       7.97327502773161000E-074
   3.0599999316036701       4.29211027661349857E-074
   3.0649999314919114       2.30815597174430440E-074
   3.0699999313801527       1.23999401035034408E-074
   3.0749999312683940       6.65478725313727707E-075
   3.0799999311566353       3.56786915228690561E-075
   3.0849999310448766       1.91092576163438997E-075
   3.0899999309331179       1.02244243461842054E-075
   3.0949999308213592       5.46504912589758472E-076
   3.0999999307096004       2.91816220665964522E-076
   3.1049999305978417       1.55662836833790170E-076
   3.1099999304860830       8.29508053941347725E-077
   3.1149999303743243       4.41587150099186760E-077
   3.1199999302625656       2.34840178216289381E-077
   3.1249999301508069       1.24763781455371684E-077
   3.1299999300390482       6.62162849654649551E-078
   3.1349999299272895       3.51076085282926991E-078
   3.1399999298155308       1.85950708248516966E-078
   3.1449999297037721       9.83908201137149210E-079
   3.1499999295920134       5.20081586907795728E-079
   3.1549999294802547       2.74630349595846193E-079
   3.1599999293684959       1.44872426821401602E-079
   3.1649999292567372       7.63454386387444472E-080
   3.1699999291449785       4.01920916464682538E-080
   3.1749999290332198       2.11377265484202410E-080
   3.1799999289214611       1.11054483468499857E-080
   3.1849999288097024       5.82873178953611960E-081
   3.1899999286979437       3.05613265010989340E-081
   3.1949999285861850       1.60077570234644473E-081
   3.1999999284744263       8.37623629918117319E-082
   3.2049999283626676       4.37852175046246719E-082
   3.2099999282509089       2.28647394159839579E-082
   3.2149999281391501       1.19279320085743654E-082
   3.2199999280273914       6.21618895746270756E-083
   3.2249999279156327       3.23626006457708475E-083
   3.2299999278038740       1.68314981836667940E-083
   3.2349999276921153       8.74504984011622880E-084
   3.2399999275803566       4.53901854678878248E-084
   3.2449999274685979       2.35354106076982251E-084
   3.2499999273568392       1.21910680579278612E-084
   3.2549999272450805       6.30843867934356084E-085
   3.2599999271333218       3.26108538391625365E-085
   3.2649999270215631       1.68407957221304421E-085
   3.2699999269098043       8.68806776839496658E-086
   3.2749999267980456       4.47758609963464736E-086
   3.2799999266862869       2.30528617310802930E-086
   3.2849999265745282       1.18567564503693836E-086
   3.2899999264627695       6.09210116705489145E-087
   3.2949999263510108       3.12700422677723133E-087
   3.2999999262392521       1.60342992178227442E-087
   3.3049999261274934       8.21356414464291494E-088
   3.3099999260157347       4.20313632786384990E-088
   3.3149999259039760       2.14869836687769162E-088
   3.3199999257922173       1.09733083975668689E-088
   3.3249999256804585       5.59834772685771175E-089
   3.3299999255686998       2.85326631395628652E-089
   3.3349999254569411       1.45272998968104152E-089
   3.3399999253451824       7.38903372813978360E-090
   3.3449999252334237       3.75448652337436919E-090
   3.3499999251216650       1.90578368414432479E-090
   3.3549999250099063       9.66399759535332390E-091
   3.3599999248981476       4.89553518008421060E-091
   3.3649999247863889       2.47744312070050962E-091
   3.3699999246746302       1.25247008846122114E-091
   3.3749999245628715       6.32544650513354844E-092
   3.3799999244511127       3.19135535714950660E-092
   3.3849999243393540       1.60849345389830259E-092
   3.3899999242275953       8.09885426221647339E-093
   3.3949999241158366       4.07369044205209943E-093
   3.3999999240040779       2.04697537475699150E-093
   3.4049999238923192       1.02753675623219290E-093
   3.4099999237805605       5.15278791938164078E-094
   3.4149999236688018       2.58135255658522636E-094
   3.4199999235570431       1.29185132062804105E-094
   3.4249999234452844       6.45859269721158716E-095
   3.4299999233335257       3.22569584491349599E-095
   3.4349999232217669       1.60941886003298108E-095
   3.4399999231100082       8.02185692464171945E-096
   3.4449999229982495       3.99430193904679422E-096
   3.4499999228864908       1.98685889263328934E-096
   3.4549999227747321       9.87309490557119218E-097
   3.4599999226629734       4.90116984585283358E-097
   3.4649999225512147       2.43056000884734644E-097
   3.4699999224394560       1.20412922462788282E-097
   3.4749999223276973       5.95936519186728470E-098
   3.4799999222159386       2.94636845966916060E-098
   3.4849999221041799       1.45523880717641081E-098
   3.4899999219924212       7.18028416944172573E-099
   3.4949999218806624       3.53923297020537462E-099
   3.4999999217689037       1.74275695111745255E-099
   3.5049999216571450       8.57283865456390157E-100
   3.5099999215453863       4.21281735231016386E-100
   3.5149999214336276       2.06814395520436485E-100
   3.5199999213218689       1.01425942780241361E-100
   3.5249999212101102       4.96909723989773479E-101
   3.5299999210983515       2.43201411771409408E-101
   3.5349999209865928       1.18909031473462406E-101
   3.5399999208748341       5.80796172641610652E-102
   3.5449999207630754       2.83395404630266498E-102
   3.5499999206513166       1.38140815528867626E-102
   3.5549999205395579       6.72684438969177997E-103
   3.5599999204277992       3.27235868685348082E-103
   3.5649999203160405       1.59026893290726752E-103
   3.5699999202042818       7.72041067123077777E-104
   3.5749999200925231       3.74429780965323959E-104
   3.5799999199807644       1.81409705917614135E-104
   3.5849999198690057       8.78032939185048998E-105
   3.5899999197572470       4.24542577176376965E-105
   3.5949999196454883       2.05065144873793417E-105
   3.5999999195337296       9.89515497362090728E-106
   3.6049999194219708       4.76994647155954989E-106
   3.6099999193102121       2.29701887780047436E-106
   3.6149999191984534       1.10503434762900946E-106
   3.6199999190866947       5.31064344757647670E-107
   3.6249999189749360       2.54963883203888341E-107
   3.6299999188631773       1.22284198038058275E-107
   3.6349999187514186       5.85898206198364982E-108
   3.6399999186396599       2.80436249905032204E-108
   3.6449999185279012       1.34093055664859115E-108
   3.6499999184161425       6.40528676450202982E-109
   3.6549999183043838       3.05654660570442740E-109
   3.6599999181926250       1.45708074964834106E-109
   3.6649999180808663       6.93899177525624554E-110
   3.6699999179691076       3.30118055920225434E-110
   3.6749999178573489       1.56892556218528161E-110
   3.6799999177455902       7.44895846936334517E-111
   3.6849999176338315       3.53304298107960245E-111
   3.6899999175220728       1.67402693971516583E-111
   3.6949999174103141       7.92384767965545519E-112
   3.6999999172985554       3.74688141387740773E-112
   3.7049999171867967       1.76996195685097278E-112
   3.7099999170750380       8.35253048510076520E-113
   3.7149999169632792       3.93760693180287524E-113
   3.7199999168515205       1.85441446523090073E-113
   3.7249999167397618       8.72451725002154717E-114
   3.7299999166280031       4.10049379403481135E-114
   3.7349999165162444       1.92526744007575072E-114
   3.7399999164044857       9.03038210826667825E-115
   3.7449999162927270       4.23137330986591266E-115
   3.7499999161809683       1.98069092301690583E-115
   3.7549999160692096       9.26215904591018057E-116
   3.7599999159574509       4.32681086002419051E-116
   3.7649999158456922       2.01922047735402812E-116
   3.7699999157339334       9.41368640190538193E-117
   3.7749999156221747       4.38425559813197056E-117
   3.7799999155104160       2.03982146594514250E-117
   3.7849999153986573       9.48087900685890516E-118
   3.7899999152868986       4.40215372924983901E-118
   3.7949999151751399       2.04193521492391564E-118
   3.7999999150633812       9.46191118626364032E-119
   3.8049999149516225       4.38001834464354818E-119
   3.8099999148398638       2.02550418840246383E-119
   3.8149999147281051       9.35729918575201407E-120
   3.8199999146163464       4.31845143185423965E-120
   3.8249999145045877       1.99097459077272201E-120
   3.8299999143928289       9.16987782421762992E-121
   3.8349999142810702       4.21911667135774148E-121
   3.8399999141693115       1.93927623232141396E-121
   3.8449999140575528       8.90467284854276762E-122
   3.8499999139457941       4.08466473564307641E-122
   3.8549999138340354       1.87178092628032042E-122
   3.8599999137222767       8.56867701226533488E-123
   3.8649999136105180       3.91861577233568321E-123
   3.8699999134987593       1.79024201544829508E-123
   3.8749999133870006       8.17054380286688369E-124
   3.8799999132752419       3.72520634270959228E-124
   3.8849999131634831       1.69671874856362276E-124
   3.8899999130517244       7.72021753475842486E-125
   3.8949999129399657       3.50921009997242808E-125
   3.8999999128282070       1.59349005534299550E-125
   3.9049999127164483       7.22852185174511571E-126
   3.9099999126046896       3.27574278327975699E-126
   3.9149999124929309       1.48296274739960446E-126
   3.9199999123811722       6.70673032773150795E-127
   3.9249999122694135       3.03006259694062175E-127
   3.9299999121576548       1.36757927583619622E-127
   3.9349999120458961       6.16614275778891557E-128
   3.9399999119341373       2.77737673643004441E-128
   3.9449999118223786       1.24972991482494305E-128
   3.9499999117106199       5.61768898902619749E-129
   3.9549999115988612       2.52266378054372440E-129
   3.9599999114871025       1.13167365500164000E-129
   3.9649999113753438       5.07157898573913262E-130
   3.9699999112635851       2.27052001942920885E-130
   3.9749999111518264       1.01547124776370929E-130
   3.9799999110400677       4.53701359792619615E-131
   3.9849999109283090       2.02503570262722326E-131
   3.9899999108165503       9.02932825999727658E-132
   3.9949999107047915       4.02196561613437697E-132
   3.9999999105930328       1.78970486590309149E-132
   4.0049999104812741       7.95581431212293902E-133
   4.0099999103695154       3.53303558272489641E-133
   4.0149999102577567       1.56737003113488382E-133
   4.0199999101459980       6.94632693150658631E-134
   4.0249999100342393       3.07538190493178620E-134
   4.0299999099224806       1.36020085552357591E-134
   4.0349999098107219       6.00989918082376831E-135
   4.0399999096989632       2.65272043748306606E-135
   4.0449999095872045       1.16970388968264455E-135
   4.0499999094754457       5.15253011474495092E-136
   4.0549999093636870       2.26738514690545491E-136
   4.0599999092519283       9.96759101353130215E-137
   4.0649999091401696       4.37739035146497691E-137
   4.0699999090284109       1.92043891032179000E-137
   4.0749999089166522       8.41677797242073555E-138
   4.0799999088048935       3.68511800347083764E-138
   4.0849999086931348       1.61182200804018463E-138
   4.0899999085813761       7.04276046263595118E-139
   4.0949999084696174       3.07417727257760708E-139
   4.0999999083578587       1.34052541272359575E-139
   4.1049999082460999       5.83957646140461110E-140
   4.1099999081343412       2.54125239597658780E-140
   4.1149999080225825       1.10477644700650219E-140
   4.1199999079108238       4.79801019564385140E-141
   4.1249999077990651       2.08165176984117316E-141
   4.1299999076873064       9.02225603871171721E-142
   4.1349999075755477       3.90645089081748180E-142
   4.1399999074637890       1.68970054595618171E-142
   4.1449999073520303       7.30125091535009070E-143
   4.1499999072402716       3.15170061831996076E-143
   4.1549999071285129       1.35910432363694323E-143
   4.1599999070167542       5.85491757035865815E-144
   4.1649999069049954       2.51970054639317998E-144
   4.1699999067932367       1.08327127983087272E-144
   4.1749999066814780       4.65249250268242728E-145
   4.1799999065697193       1.99615512791646822E-145
   4.1849999064579606       8.55584778348084934E-146
   4.1899999063462019       3.66346430304030170E-146
   4.1949999062344432       1.56704342908844447E-146
   4.1999999061226845       6.69622834923178081E-147
   4.2049999060109258       2.85850944555114274E-147
   4.2099999058991671       1.21901531528485102E-147
   4.2149999057874084       5.19324541396808000E-148
   4.2199999056756496       2.21018529184768414E-148
   4.2249999055638909       9.39677172321684426E-149
   4.2299999054521322       3.99106520001497840E-149
   4.2349999053403735       1.69339831263899914E-149
   4.2399999052286148       7.17777063892005665E-150
   4.2449999051168561       3.03934628952419697E-150
   4.2499999050050974       1.28567425143667088E-150
   4.2549999048933387       5.43302698312365246E-151
   4.2599999047815800       2.29357492316980366E-151
   4.2649999046698213       9.67262064178637846E-152
   4.2699999045580626       4.07507431040519367E-152
   4.2749999044463038       1.71509058975246367E-152
   4.2799999043345451       7.21105402727739743E-153
   4.2849999042227864       3.02879994483097736E-153
   4.2899999041110277       1.27087425481733208E-153
   4.2949999039992690       5.32714758823267976E-154
   4.2999999038875103       2.23073011391279103E-154
   4.3049999037757516       9.33167242490982939E-155
   4.3099999036639929       3.89970804143684747E-155
   4.3149999035522342       1.62803919707923435E-155
   4.3199999034404755       6.78981237786566863E-156
   4.3249999033287168       2.82885602364176931E-156
   4.3299999032169580       1.17740010163509674E-156
   4.3349999031051993       4.89550442571984485E-157
   4.3399999029934406       2.03343820978409024E-157
   4.3449999028816819       8.43771139124645694E-158
   4.3499999027699232       3.49766738036729866E-158
   4.3549999026581645       1.44841328990730826E-158
   4.3599999025464058       5.99192887000710553E-159
   4.3649999024346471       2.47628684973924703E-159
   4.3699999023228884       1.02234012735859135E-159
   4.3749999022111297       4.21647973496922117E-160
   4.3799999020993710       1.73725984420043602E-160
   4.3849999019876122       7.15055413833052188E-161
   4.3899999018758535       2.94018576695400253E-161
   4.3949999017640948       1.20773039566897788E-161
   4.3999999016523361       4.95593242662061568E-162
   4.4049999015405774       2.03161265663902434E-162
   4.4099999014288187       8.31987108896168548E-163
   4.4149999013170600       3.40370912248220283E-163
   4.4199999012053013       1.39106823608316240E-163
   4.4249999010935426       5.67942780392267556E-164
   4.4299999009817839       2.31643909722209691E-164
   4.4349999008700252       9.43837750023400126E-165
   4.4399999007582664       3.84179294407153878E-165
   4.4449999006465077       1.56217872717423374E-165
   4.4499999005347490       6.34581838282346304E-166
   4.4549999004229903       2.57516292589365328E-166
   4.4599999003112316       1.04395538305453154E-166
   4.4649999001994729       4.22784754821514335E-167
   4.4699999000877142       1.71047548178116376E-167
   4.4749998999759555       6.91312710422649493E-168
   4.4799998998641968       2.79120917701705978E-168
   4.4849998997524381       1.12582368408241333E-168
   4.4899998996406794       4.53637064083306733E-169
   4.4949998995289207       1.82602548839697727E-169
   4.4999998994171619       7.34286076944773123E-170
   4.5049998993054032       2.94974114169683016E-170
   4.5099998991936445       1.18375730378634975E-170
   4.5149998990818858       4.74571432373670992E-171
   4.5199998989701271       1.90064350322739260E-171
   4.5249998988583684       7.60431140308892308E-172
   4.5299998987466097       3.03933992499292672E-172
   4.5349998986348510       1.21355317466402213E-172
   4.5399998985230923       4.84059224075761121E-173
   4.5449998984113336       1.92884950464844502E-173
   4.5499998982995749       7.67818092308479507E-174
   4.5549998981878161       3.05336338026639507E-174
   4.5599998980760574       1.21299440594185340E-174
   4.5649998979642987       4.81392430694342105E-175
   4.5699998978525400       1.90853386476040470E-175
   4.5749998977407813       7.55893546462048098E-176
   4.5799998976290226       2.99075996562412127E-176
   4.5849998975172639       1.18212290804674922E-176
   4.5899998974055052       4.66770996163136367E-177
   4.5949998972937465       1.84121814083246442E-177
   4.5999998971819878       7.25549056886118447E-178
   4.6049998970702291       2.85619906459695497E-178
   4.6099998969584703       1.12323419711884336E-178
   4.6149998968467116       4.41278040186508342E-179
   4.6199998967349529       1.73186672545676442E-179
   4.6249998966231942       6.79010944663364720E-180
   4.6299998965114355       2.65949534705994573E-180
   4.6349998963996768       1.04059527378001756E-180
   4.6399998962879181       4.06747242371864213E-181
   4.6449998961761594       1.58828172662717744E-181
   4.6499998960644007       6.19570334643391685E-182
   4.6549998959526420       2.41442570021980230E-182
   4.6599998958408833       9.39933717864962520E-183
   4.6649998957291245       3.65544931857640933E-183
   4.6699998956173658       1.42018348714034731E-183
   4.6749998955056071       5.51198851946226167E-184
   4.6799998953938484       2.13713670797366785E-184
   4.6849998952820897       8.27782912877222896E-185
   4.6899998951703310       3.20302821913138960E-185
   4.6949998950585723       1.23812709073565929E-185
   4.6999998949468136       4.78112217396158912E-186
   4.7049998948350549       1.84439786474347865E-186
   4.7099998947232962       7.10787094562680343E-187
   4.7149998946115375       2.73643168842306122E-187
   4.7199998944997787       1.05242181567345760E-187
   4.7249998943880200       4.04347932604095839E-188
   4.7299998942762613       1.55196086545362345E-188
   4.7349998941645026       5.95067810982522069E-189
   4.7399998940527439       2.27935675990916669E-189
   4.7449998939409852       8.72204465757363738E-190
   4.7499998938292265       3.33414482671189519E-190
   4.7549998937174678       1.27324145157574637E-190
   4.7599998936057091       4.85732576849496827E-191
   4.7649998934939504       1.85115953281081214E-191
   4.7699998933821917       7.04775207519458646E-192
   4.7749998932704329       2.68051068252168156E-192
   4.7799998931586742       1.01846150958415531E-192
   4.7849998930469155       3.86573298087661752E-193
   4.7899998929351568       1.46581525970147573E-193
   4.7949998928233981       5.55247713082228532E-194
   4.7999998927116394       2.10113749248199583E-194
   4.8049998925998807       7.94295898732089198E-195
   4.8099998924881220       2.99964818869131123E-195
   4.8149998923763633       1.13166654568615014E-195
   4.8199998922646046       4.26507612479694234E-196
   4.8249998921528459       1.60581403925363888E-196
   4.8299998920410872       6.03981822093074258E-197
   4.8349998919293284       2.26940830214839017E-197
   4.8399998918175697       8.51846933940651335E-198
   4.8449998917058110       3.19426280016169002E-198
   4.8499998915940523       1.19657486781078711E-198
   4.8549998914822936       4.47784713973792621E-199
   4.8599998913705349       1.67401291780090828E-199
   4.8649998912587762       6.25184928606835089E-200
   4.8699998911470175       2.33248225674182166E-200
   4.8749998910352588       8.69337375152970957E-201
   4.8799998909235001       3.23681969679572483E-201
   4.8849998908117414       1.20395101957278036E-201
   4.8899998906999826       4.47362197871382784E-202
   4.8949998905882239       1.66061861490490445E-202
   4.8999998904764652       6.15801403382187204E-203
   4.9049998903647065       2.28124327040001507E-203
   4.9099998902529478       8.44233693481969584E-204
   4.9149998901411891       3.12114478315354688E-204
   4.9199998900294304       1.15272391471003709E-204
   4.9249998899176717       4.25301432290689685E-205
   4.9299998898059130       1.56757576747799304E-205
   4.9349998896941543       5.77192117130143074E-206
   4.9399998895823956       2.12310950689998413E-206
   4.9449998894706368       7.80161568576653162E-207
   4.9499998893588781       2.86389350469618214E-207
   4.9549998892471194       1.05024187431338216E-207
   4.9599998891353607       3.84752942280127080E-208
   4.9649998890236020       1.40810397061191186E-208
   4.9699998889118433       5.14810801567379852E-209
   4.9749998888000846       1.88027222968375058E-209
   4.9799998886883259       6.86047154127272173E-210
   4.9849998885765672       2.50061801908061572E-210
   4.9899998884648085       9.10543921345588150E-211
   4.9949998883530498       3.31218507963527102E-211
   4.9999998882412910       1.20361737226121738E-211
